 *****************************************
   HELENA : GRAD-SHAFRANOV EQUILIBRIUM    
 *****************************************
 *          VERSION 12 (30-7-1999)       *
 * WITH ANISOTROPY AND T-FLOW (JUN 2013) *
 *****************************************
 ***********************************************
 *        INPUT PROFILES :                     *
 ***********************************************
 *  PSI,   H(psi),  F^2  ,  OM , T, THE
 ***********************************************
  0.0000E+00  0.1000E+01  0.1000E+01  0.1000E+01  0.1000E+01  0.1000E+01
  0.5000E-01  0.1000E+01  0.9989E+00  0.1000E+01  0.9317E+00  0.1000E+01
  0.1000E+00  0.1000E+01  0.9978E+00  0.1000E+01  0.8662E+00  0.1000E+01
  0.1500E+00  0.1000E+01  0.9968E+00  0.1000E+01  0.8051E+00  0.1000E+01
  0.2000E+00  0.1000E+01  0.9957E+00  0.1000E+01  0.7489E+00  0.1000E+01
  0.2500E+00  0.1000E+01  0.9948E+00  0.1000E+01  0.6973E+00  0.1000E+01
  0.3000E+00  0.1000E+01  0.9938E+00  0.1000E+01  0.6495E+00  0.1000E+01
  0.3500E+00  0.1000E+01  0.9929E+00  0.1000E+01  0.6044E+00  0.1000E+01
  0.4000E+00  0.1000E+01  0.9921E+00  0.1000E+01  0.5614E+00  0.1000E+01
  0.4500E+00  0.1000E+01  0.9914E+00  0.1000E+01  0.5201E+00  0.1000E+01
  0.5000E+00  0.1000E+01  0.9907E+00  0.1000E+01  0.4810E+00  0.1000E+01
  0.5500E+00  0.1000E+01  0.9901E+00  0.1000E+01  0.4451E+00  0.1000E+01
  0.6000E+00  0.1000E+01  0.9896E+00  0.1000E+01  0.4141E+00  0.1000E+01
  0.6500E+00  0.1000E+01  0.9890E+00  0.1000E+01  0.3894E+00  0.1000E+01
  0.7000E+00  0.1000E+01  0.9885E+00  0.1000E+01  0.3720E+00  0.1000E+01
  0.7500E+00  0.1000E+01  0.9881E+00  0.1000E+01  0.3607E+00  0.1000E+01
  0.8000E+00  0.1000E+01  0.9877E+00  0.1000E+01  0.3512E+00  0.1000E+01
  0.8500E+00  0.1000E+01  0.9875E+00  0.1000E+01  0.3336E+00  0.1000E+01
  0.9000E+00  0.1000E+01  0.9877E+00  0.1000E+01  0.2905E+00  0.1000E+01
  0.9500E+00  0.1000E+01  0.9886E+00  0.1000E+01  0.1935E+00  0.1000E+01
  0.1000E+01  0.1000E+01  0.9908E+00  0.1000E+01  0.0000E+00  0.1000E+01

 ***************************************
 * ITERATION, NR= 50 NP= 33      *
 ***************************************
    REST =  5.348E-09 ITERATIONS :  17

 ***************************************
  MAGNETIC AXIS     :     0.096269    0.000000
  POLOIDAL PAR BETA :     1.006785
  POLOIDAL PER BETA :     1.006785
  POLOIDAL MHD BETA :     1.006785
  POLOIDAL ENG BETA :     1.006785
  TOTAL PAR BETA    :     0.006256
  TOTAL PER BETA    :     0.006256
  TOTAL MHD BETA    :     0.006256
  TOTAL ENG BETA    :     0.006256
  XI                :     0.000000
  BETA STAR PAR     :     0.003889
  BETA STAR PER     :     0.003889
  NORM. BETA PAR    :     0.209395
  NORM. BETA PER    :     0.209395
  TOTAL CURRENT     :     8.011393
  THERMAL ENERGY    :    24.251444
  TOTAL MASS (E-7KG):    19.739200
  TOTAL AREA        :     3.141591
  TOTAL VOLUME      :    19.739200
  CIRCUMFERENCE     :     6.280627
  INT. INDUCDTANCE  :     0.970621
  ANI DELTA AT AXIS :     0.000000
 ***************************************

 ***************************************
   REAL WORLD QUANTITIES
 ***************************************
  MAJOR  RADIUS     :     1.000000
  BVAC AT GEO CENTRE:     1.000000
  PSI0              :     0.015157
  PLASMA CURRENT(MA):     0.096627
  THERMAL ENERGY KJ :     4.433312
  TOTAL MASS (E-7KG):     1.233700
  AX ALFVEN FQC KHZ :   430.091277
  A                 :   274.589648
  B                 :     0.006207
 ***************************************


 *******************************************************
 * I   PSI     S      <J>     ERROR   LENGTH    BUSSAC   VOL    VOLP   AREA *
 *******************************************************
 49  0.0004  0.0204  0.9997  0.00E+00  0.0000  0.0000  0.0060 14.3387  0.0000
 48  0.0017  0.0408  0.9987  0.00E+00  0.0000  0.0000  0.0239 14.3457  0.0000
 47  0.0037  0.0612  0.9971  0.00E+00  0.0000  0.0000  0.0538 14.3574  0.0000
 46  0.0067  0.0816  0.9948  0.00E+00  0.0000  0.0000  0.0957 14.3740  0.0000
 45  0.0104  0.1020  0.9918  0.00E+00  0.0000  0.0000  0.1496 14.3954  0.0000
 44  0.0150  0.1224  0.9882  0.00E+00  0.0000  0.0000  0.2156 14.4217  0.0000
 43  0.0204  0.1429  0.9838  0.00E+00  0.0000  0.0000  0.2938 14.4531  0.0000
 42  0.0267  0.1633  0.9788  0.00E+00  0.0000  0.0000  0.3842 14.4897  0.0000
 41  0.0337  0.1837  0.9731  0.00E+00  0.0000  0.0000  0.4869 14.5315  0.0000
 40  0.0416  0.2041  0.9667  0.00E+00  0.0000  0.0000  0.6021 14.5789  0.0000
 39  0.0504  0.2245  0.9595  0.00E+00  0.0000  0.0000  0.7298 14.6319  0.0000
 38  0.0600  0.2449  0.9516  0.00E+00  0.0000  0.0000  0.8703 14.6908  0.0000
 37  0.0704  0.2653  0.9430  0.00E+00  0.0000  0.0000  1.0236 14.7558  0.0000
 36  0.0816  0.2857  0.9336  0.00E+00  0.0000  0.0000  1.1899 14.8272  0.0000
 35  0.0937  0.3061  0.9234  0.00E+00  0.0000  0.0000  1.3695 14.9052  0.0000
 34  0.1066  0.3265  0.9124  0.00E+00  0.0000  0.0000  1.5625 14.9903  0.0000
 33  0.1204  0.3469  0.9007  0.00E+00  0.0000  0.0000  1.7691 15.0826  0.0000
 32  0.1349  0.3673  0.8881  0.00E+00  0.0000  0.0000  1.9897 15.1826  0.0000
 31  0.1504  0.3878  0.8747  0.00E+00  0.0000  0.0000  2.2245 15.2907  0.0000
 30  0.1666  0.4082  0.8605  0.00E+00  0.0000  0.0000  2.4738 15.4074  0.0000
 29  0.1837  0.4286  0.8454  0.00E+00  0.0000  0.0000  2.7380 15.5330  0.0000
 28  0.2016  0.4490  0.8295  0.00E+00  0.0000  0.0000  3.0174 15.6683  0.0000
 27  0.2203  0.4694  0.8128  0.00E+00  0.0000  0.0000  3.3124 15.8136  0.0000
 26  0.2399  0.4898  0.7952  0.00E+00  0.0000  0.0000  3.6235 15.9698  0.0000
 25  0.2603  0.5102  0.7768  0.00E+00  0.0000  0.0000  3.9511 16.1375  0.0000
 24  0.2815  0.5306  0.7574  0.00E+00  0.0000  0.0000  4.2958 16.3175  0.0000
 23  0.3036  0.5510  0.7372  0.00E+00  0.0000  0.0000  4.6581 16.5107  0.0000
 22  0.3265  0.5714  0.7161  0.00E+00  0.0000  0.0000  5.0387 16.7182  0.0000
 21  0.3503  0.5918  0.6940  0.00E+00  0.0000  0.0000  5.4382 16.9412  0.0000
 20  0.3748  0.6122  0.6710  0.00E+00  0.0000  0.0000  5.8574 17.1809  0.0000
 19  0.4002  0.6327  0.6470  0.00E+00  0.0000  0.0000  6.2972 17.4390  0.0000
 18  0.4265  0.6531  0.6219  0.00E+00  0.0000  0.0000  6.7584 17.7172  0.0000
 17  0.4536  0.6735  0.5957  0.00E+00  0.0000  0.0000  7.2420 18.0177  0.0000
 16  0.4815  0.6939  0.5683  0.00E+00  0.0000  0.0000  7.7493 18.3430  0.0000
 15  0.5102  0.7143  0.5397  0.00E+00  0.0000  0.0000  8.2815 18.6961  0.0000
 14  0.5398  0.7347  0.5097  0.00E+00  0.0000  0.0000  8.8400 19.0803  0.0000
 13  0.5702  0.7551  0.4784  0.00E+00  0.0000  0.0000  9.4264 19.4999  0.0000
 12  0.6014  0.7755  0.4456  0.00E+00  0.0000  0.0000 10.0426 19.9596  0.0000
 11  0.6335  0.7959  0.4114  0.00E+00  0.0000  0.0000 10.6908 20.4652  0.0000
 10  0.6664  0.8163  0.3759  0.00E+00  0.0000  0.0000 11.3732 21.0236  0.0000
  9  0.7001  0.8367  0.3390  0.00E+00  0.0000  0.0000 12.0927 21.6428  0.0000
  8  0.7347  0.8571  0.3011  0.00E+00  0.0000  0.0000 12.8527 22.3326  0.0000
  7  0.7701  0.8776  0.2626  0.00E+00  0.0000  0.0000 13.6567 23.1044  0.0000
  6  0.8063  0.8980  0.2240  0.00E+00  0.0000  0.0000 14.5094 23.9718  0.0000
  5  0.8434  0.9184  0.1861  0.00E+00  0.0000  0.0000 15.4158 24.9511  0.0000
  4  0.8813  0.9388  0.1502  0.00E+00  0.0000  0.0000 16.3822 26.0645  0.0000
  3  0.9200  0.9592  0.1180  0.00E+00  0.0000  0.0000 17.4161 27.3525  0.0000
  2  0.9596  0.9796  0.0916  0.00E+00  0.0000  0.0000 18.5283 28.9261  0.0000
  1  0.9999  0.9999  0.0739  0.00E+00  0.0000  0.0000 19.7392 31.2057  0.0000
 *******************************************************


  Q ON AXIS =  1.4345
  Q AT BOUNDARY =  3.7068

 ***************************************************
 MAX. ERROR IN JACOBIAN AFTER MAPPING :  3.007E-05  1.000000  2.258020   1  24
 ***************************************************
