   1.0000000000000000        0.0000000000000000     
  0.99606525669405344        8.8622491617592822E-002
  0.98427611454021080       0.17663619431408512     
  0.96467834603855585       0.26343000543953354     
  0.93735003448304943       0.34838841456096803     
  0.90240425411088221       0.43088987440525423     
  0.85999270099290281       0.51030586739589523     
  0.81031014608026664       0.58600088712054932     
  0.75359954006900887       0.65733354094281315     
  0.69015755730374928       0.72365895745628617     
  0.62034032262449113       0.78433265261256691     
  0.54456902363336324       0.83871596746010413     
  0.46333507373722266       0.88618313825368333     
  0.37720446192816043       0.92612999575633037     
  0.28682090736524568       0.95798421560859426     
  0.19290743428413265       0.98121695766159289     
   9.6265999126194046E-002  0.99535564247976449     
  -2.2251602116554114E-003  0.99999752243032802     
 -0.10161672196960932       0.99482361857426460     
 -0.20089620983059109       0.97961251932273985     
 -0.29899873383119829       0.95425347903351976     
 -0.39482050094076560       0.91875822043148525     
 -0.48723492053263284       0.87327083888201540     
 -0.57511099340882588       0.81807523240257640     
 -0.65733354094282059       0.75359954006901642     
 -0.73282471172281394       0.68041716206683978     
 -0.80056610483238533       0.59924405366534328     
 -0.85962077855110419       0.51093212737663507     
 -0.90915437615131189       0.41645875530552312     
 -0.94845459988374925       0.31691252900594291     
 -0.97694830168347135       0.21347559727975562     
 -0.99421553251415573       0.10740305638632834     
  -1.0000000000000151        1.2246467991473719E-016
  0.97656212089589700        0.0000000000000000     
  0.97271650621085937        8.6322840415867089E-002
  0.96119468826300580       0.17204501317078721     
  0.94204300183806977       0.25656364884400534     
  0.91534039016206770       0.33927172135954198     
  0.88120108333006397       0.41955654350543981     
  0.83977818699641371       0.49679896096752013     
  0.79126808706944529       0.57037347315666054     
  0.73591548709041077       0.63964948796421739     
  0.67401885740725365       0.70399389473474172     
  0.60593602932851054       0.76277510425868533     
  0.53208962503214319       0.81536865481895382     
  0.45297201742542598       0.86116450715810799     
  0.36914937344428933       0.89957592769110095     
  0.28126443808011159       0.93004995813465430     
  0.19003761412599776       0.95207918461425023     
   9.6265999126195378E-002  0.96521472671043151     
   8.1996650837442523E-004  0.96907983199000958     
  -9.5362944498393318E-002  0.96338375611825300     
 -0.19128703975873329       0.94793533084127268     
 -0.28591045002344656       0.92265556675665761     
 -0.37816002474279647       0.88758866178733364     
 -0.46694866964880710       0.84291031890640400     
 -0.55119477621658874       0.78893323743510790     
 -0.62984311933781589       0.72610911846401127     
 -0.70188617146871646       0.65502655826110368     
 -0.76638496489612662       0.57640494614020554     
 -0.82248843654358128       0.49108447706968128     
 -0.86945050630668352       0.40001287395784918     
 -0.90664408496994320       0.30422944796692469     
 -0.93357181832211766       0.20484747828574440     
 -0.94987367860340266       0.10303576496392294     
 -0.95533181884426077        1.1699440540712428E-016
  0.95291120658837825        0.0000000000000000     
  0.94915850673244873        8.4002579986950807E-002
  0.93791548669752389       0.16741449207668885     
  0.91922869841799171       0.24964300556271288     
  0.89317740747369889       0.33009151334737963     
  0.85987621463687003       0.40815816371623953     
  0.81947857331083318       0.48323519274480098     
  0.77218109890658115       0.55470918679060266     
  0.71822847295362247       0.62196247382742731     
  0.65791872908927884       0.68437583161613158     
  0.59160864132971835       0.74133265281574534     
  0.51971890460519410       0.79222466474109698     
  0.44273878601874600       0.83645930110920630     
  0.36122981602948373       0.87346864568416482     
  0.27582814103792658       0.90271984732355881     
  0.18724515863359525       0.92372690820007586     
   9.6265999126195240E-002  0.93606350259030557     
   3.7455118742253804E-003  0.93937627141384350     
  -8.9398453669089273E-002  0.93339823582167081     
 -0.18219466156379521       0.91796177686397740     
 -0.27363098550870951       0.89301031698650013     
 -0.36266967374845338       0.85860825324843448     
 -0.44826476778011254       0.81494788370063953     
 -0.52938132961208229       0.76235347584229185     
 -0.60501570068101340       0.70128169980720900     
 -0.67421553423815428       0.63231785315726730     
 -0.73609885593759994       0.55616841510842197     
 -0.78987137420169173       0.47365029402594749     
 -0.83484097358599585       0.38567713611754550     
 -0.87042909002540558       0.29324374935364300     
 -0.89617904010019400       0.19740959224671922     
 -0.91176149629737513        9.9282042646875249E-002
 -0.91697768656620982        1.1229737887428538E-016
  0.92945031025524161        0.0000000000000000     
  0.92579179757611851        8.1701160010305085E-002
  0.91483133893451696       0.16282276959620859     
  0.89661546565254724       0.24278335647789523     
  0.87122336321183247       0.32099785046517548     
  0.83876942785167707       0.39687635113541536     
  0.79940669200158787       0.46982359043111183     
  0.75333101077170073       0.53923931925305268     
  0.70078581093203751       0.60451981180585401     
  0.64206718761000892       0.66506067252838652     
  0.57752906590048170       0.72026107909246273     
  0.50758811030505291       0.76952954487504766     
  0.43272806798301311       0.81229128985825150     
  0.35350312189027988       0.84799714869162302     
  0.27053986528640461       0.87613388979268281     
  0.18453751836691840       0.89623577522420927     
   9.6265999126195517E-002  0.90789709791626905     
   6.5614987421295746E-003  0.91078507693474542     
  -8.3680617878301847E-002  0.90465273414115221     
 -0.17351570878039951       0.88935110382088656     
 -0.26196251497983936       0.86484013718355124     
 -0.34801837119955420       0.83119759429418405     
 -0.43067636521793196       0.78862497906999929     
 -0.50894398027785048       0.73745049362485704     
 -0.58186242104786356       0.67812842017405983     
 -0.64852548013780109       0.61123457062186592     
 -0.70809718394064214       0.53745829605403106     
 -0.75982739043145853       0.45759145013242564     
 -0.80306460186816908       0.37251493198901342     
 -0.83726580754984514       0.28318377759714886     
 -0.86200341417021453       0.19061163758630528     
 -0.87696963733999289        9.5855343632758064E-002
 -0.88197893154338503        1.0801126754300090E-016
  0.90642022027888680        0.0000000000000000     
  0.90285542993070045        7.9442124972992023E-002
  0.89217608981770913       0.15831636036080754     
  0.87442855064911729       0.23605302931190861     
  0.84969165377671840       0.31207912439607427     
  0.81807921056068889       0.38581719958814231     
  0.77974333387292794       0.45668495457978586     
  0.73487849326890420       0.52409572950111749     
  0.68372610177203885       0.58746010264584314     
  0.62657941599326172       0.64618876811913240     
  0.56378846828934503       0.69969682152516799     
  0.49576471616300438       0.74740953025457146     
  0.42298508734630530       0.78876965386715703     
  0.34599502370573848       0.82324626598785500     
  0.26541012133315173       0.85034492543201290     
  0.18191599281587592       0.86961897962895629     
   9.6265999126192367E-002  0.88068173418342777     
   9.2765287192217421E-003  0.88321891496985305     
  -7.8180335468739218E-002  0.87700094716571497     
 -0.16518684280167992       0.86189451230759140     
 -0.25079221887162645       0.83787265682337997     
 -0.33402765474441914       0.80502280481997024     
 -0.41392308329468752       0.76355192080011247     
 -0.48952516397778267       0.71378859750047896     
 -0.55991568533923364       0.65618168446543101     
 -0.62422931642395585       0.59129522436341264     
 -0.68167002938395416       0.51980023591827185     
 -0.73152537012765384       0.44246370511013661     
 -0.77317802436759975       0.36013550625536217     
 -0.80611449859396578       0.27373413133535629     
 -0.82993108936760596       0.18423205553244909     
 -0.84433755839368685        9.2641364382874597E-002
 -0.84915906939711494        1.0399199363041220E-016
  0.88392054671653575        0.0000000000000000     
  0.88044809744476782        7.7235195350962238E-002
  0.87004569866855985       0.15391435186629215     
  0.85275942188370912       0.22947977096426089     
  0.82866759617831887       0.30337067460270423     
  0.79788321521447136       0.37502221517398471     
  0.76055717099641507       0.44386517040205820     
  0.71688217647812225       0.50932653399788475     
  0.66709719238378506       0.57083119325759779     
  0.61149213042965445       0.62780485746832171     
  0.55041255992685334       0.67967835998900072     
  0.48426412031889093       0.72589342877304464     
  0.41351628715719813       0.76590994803121781     
  0.33870511606947601       0.79921466112712947     
  0.26043456988294950       0.82533113913128875     
  0.17937608067282571       0.84383081887100164     
   9.6265999126195489E-002  0.85434479346452785     
   1.1900645070944058E-002  0.85657581453391585     
  -7.2871180780505904E-002  0.85031002413176238     
 -0.15715827398555671       0.83542786787077394     
 -0.24003958059759109       0.81191349167092952     
 -0.32057890369592745       0.77986196130532759     
 -0.39784122551339440       0.73948371977026195     
 -0.47091001053908665       0.69110596740606767     
 -0.53890472753939744       0.63517072666559304     
 -0.60099763585950250       0.57222947684886150     
 -0.65642907696280961       0.50293477070971448     
 -0.70452059107222986       0.42802934998112041     
 -0.74468541199475757       0.34833347978309198     
 -0.77643623760078262       0.26473132928784238     
 -0.79939044659949843       0.17815714397815344     
 -0.81327322443052441        8.9581794536489956E-002
 -0.81791912391583277        1.0016620370649321E-016
  0.86196825923410403        0.0000000000000000     
  0.85858641291874505        7.5082007362242340E-002
  0.84845571939241082       0.14961983797679795     
  0.83162190686726012       0.22306777588432000     
  0.80816268542036207       0.29487726247150853     
  0.77819008247845867       0.36449601642482071     
  0.74185358063660789       0.43136783087124231     
  0.69934390977842031       0.49493325048954345     
  0.65089731371018678       0.55463131458399462     
  0.59680006960094789       0.60990252955038649     
  0.53739298762907473       0.66019319306068502     
  0.47307557662473121       0.70496113580171960     
  0.40430954651580397       0.74368290990951880     
  0.33162127098893163       0.77586235347603349     
  0.25560283274715484       0.80104035621293435     
  0.17691131383234265       0.81880562117386335     
   9.6265999126191354E-002  0.82880607295579112     
   1.4443240587857042E-002  0.83076040902392734     
  -6.7731145681677180E-002  0.82446932268849915     
 -0.14939196613150460       0.80982578196136590     
 -0.22964706426976053       0.78682373780507942     
 -0.30759171500412691       0.75556464022389003     
 -0.38232447351641485       0.71626125931373152     
 -0.45296382295296767       0.66923847456151753     
 -0.51866485217111047       0.61493085129730651     
 -0.57863509353571341       0.55387701265471678     
 -0.63214878877414593       0.48671120081952246     
 -0.67855899932932240       0.41415259008753075     
 -0.71730717717437187       0.33699304360665872     
 -0.74793011934494247       0.25608409285241768     
 -0.77006453964704102       0.17232385840068237     
 -0.78344972870958662        8.6644436589915927E-002
 -0.78792881114814883        9.6493449652855976E-017
  0.84053629980025035        0.0000000000000000     
  0.83724328589176955        7.2979892829325640E-002
  0.82737897013233674       0.14542741188480754     
  0.81098869109535410       0.21680875830775709     
  0.78814946318135581       0.28658751439332536     
  0.75897224258490692       0.35422386699279768     
  0.72360497015105918       0.41917449917309740     
  0.68223623487947294       0.48089334453958466     
  0.63509939460504117       0.53883339547884535     
  0.58247691234853483       0.59244971194077023     
  0.52470464665169914       0.64120374883528442     
  0.46217578936488574       0.68456906812204865     
  0.39534411613020770       0.72203844628009373     
  0.32472618034236678       0.75313228580371094     
  0.25090210107742517       0.77740818224782027     
  0.17451460241342778       0.79447140176768394     
   9.6265999126193061E-002  0.80398591646629924     
   1.6912899968098239E-002  0.80568553653698283     
  -6.2741483388112931E-002  0.79938459638769344     
 -0.14185739686439161       0.78498763579304054     
 -0.21957079317544270       0.76249746747102909     
 -0.29500740866953751       0.73202105901822923     
 -0.36729813124005301       0.69377274887114670     
 -0.43559498847031974       0.64807448850905713     
 -0.49908701730937666       0.59535301643557215     
 -0.55701521613127725       0.53613403780858082     
 -0.60868587821976472       0.47103378520368511     
 -0.65348176314093642       0.40074852808596889     
 -0.69087080240632404       0.32604273863774896     
 -0.72041233590966247       0.24773666450710566     
 -0.74176112662402560       0.16669395951134863     
 -0.75466961432995650        8.3809842735886084E-002
 -0.75898890804421737        9.2949333682469546E-017
  0.81957904426058259        0.0000000000000000     
  0.81637321787705242        7.0924370542396392E-002
  0.80677033214002902       0.14132809891328660     
  0.79081529737982315       0.21068922622704531     
  0.76858436836236210       0.27848338677018308     
  0.74018734273667419       0.34418312883619806     
  0.70577050943376485       0.40725789350298097     
  0.66552019446479527       0.46717484470463033     
  0.61966673069411526       0.52340073156792610     
  0.56848861852420796       0.57540492659889597     
  0.51231661636725356       0.62266375132350160     
  0.45153745968748277       0.66466615317439326     
  0.38659686749882582       0.70092072000076333     
  0.31800148585533450       0.73096393898987744     
  0.24631943421562508       0.75436956015423284     
  0.17217911423580534       0.77075879236203282     
   9.6265999126195254E-002  0.77981098841969188     
   1.9317193927007210E-002  0.78127433031027937     
  -5.7886313692619200E-002  0.77497601003656491     
 -0.13452966518582124       0.76083134177515221     
 -0.20977620105109487       0.73885123032651612     
 -0.28278120764162218       0.70914744571891131     
 -0.35270679694957524       0.67193527388703644     
 -0.41873725648569293       0.62753328265237285     
 -0.48009414882118928       0.57636014794738588     
 -0.53605042048037577       0.51892867466382908     
 -0.58594284084667869       0.45583737346957970     
 -0.62918231207589115       0.38776020089421065     
 -0.66526179919967787       0.31543514219070001     
 -0.69376191433758672       0.23965234750646680     
 -0.71435442478995526       0.16124242756746454     
 -0.72680414116658953        8.1065333178813273E-002
 -0.73096967686058234        8.9517967504108715E-017
  0.79904592284715525        0.0000000000000000     
  0.79592582601034467        6.8910478222454066E-002
  0.78657998422814523       0.13731198901191485     
  0.77105284314176803       0.20469435127398922     
  0.74941983804088230       0.27054517839451636     
  0.72178952588445722       0.33434929085150555     
  0.68830644252536810       0.39558877706359746     
  0.64915453189906092       0.45374389253906744     
  0.60456096882091714       0.50829496969472876     
  0.55480015024491880       0.55872547974065812     
  0.50019759316526291       0.60452635136153221     
  0.44113344253800812       0.64520160613372990     
  0.37804524093717401       0.68027526717527209     
  0.31142964137189794       0.70929947111014457     
  0.24184272472914173       0.73186362175805930     
  0.16989859719045058       0.74760431422869889     
   9.6265999126195184E-002  0.75621565331987506     
   2.1662748615133318E-002  0.75745951390828326     
  -5.3152044444910986E-002  0.75117523128103936     
 -0.12738792266712590       0.73728817184902318     
 -0.20023495506452099       0.71581662486379116     
 -0.27087714353516223       0.68687650821021939     
 -0.33850681758792178       0.65068350294465249     
 -0.40233936553468086       0.60755239471635680     
 -0.46162758800407960       0.55789358713027459     
 -0.51567498936028100       0.50220699048957662     
 -0.56384740106223308       0.44107367261018132     
 -0.60558248756105648       0.37514583188454731     
 -0.64039696433775872       0.30513579036472299     
 -0.66789158078274657       0.23180466761879026     
 -0.68775416944131607       0.15595130780316285     
 -0.69976121465102326        7.8401837395411733E-002
 -0.70377840697154359        8.6187997340672411E-017
  0.77888842688954951        0.0000000000000000     
  0.77585279773688620        6.6933457498169771E-002
  0.76676020218783181       0.13336958924532719     
  0.75165458487300585       0.19880995396040144     
  0.73061050160108854       0.26275409614191614     
  0.70373518615376751       0.32469904522389825     
  0.67117131856165035       0.38413945327294169     
  0.63310033864111515       0.44056855662841132     
  0.58974612670514204       0.49348012757894660     
  0.54137883031733725       0.54237155409086557     
  0.48831857648974747       0.58674814655015073     
  0.43093877372622480       0.62612872228511407     
  0.36966865563567558       0.66005240133404808     
  0.30499477843918432       0.68808657088591818     
  0.23746112477822731       0.70983583128614058     
  0.16766750295116578       0.72495163426642795     
   9.6265999126195531E-002  0.73314224712952081     
   2.3955324900647841E-002  0.73418259625492488     
  -4.8526984455151537E-002  0.72792348454123590     
 -0.12041442777796525       0.71429964002717161     
 -0.19092319915116079       0.69333605744827642     
 -0.25926524751462449       0.66515217874445931     
 -0.32466219031211296       0.62996355398173742     
 -0.38635943347428797       0.58808079116210499     
 -0.44363981298202365       0.53990581210824851     
 -0.49583611045709053       0.48592564333991017     
 -0.54234190736549381       0.42670416112411191     
 -0.58262034841802335       0.36287231280735999     
 -0.61621069821692465       0.29511751091431143     
 -0.64273278851928151       0.22417283142210201     
 -0.66188965356961327       0.15080653571999345     
 -0.67346880985962254        7.5812261549872154E-002
 -0.67734263057631661        8.2950548446133426E-017
  0.75906331157116114        0.0000000000000000     
  0.75611106785015891        6.4989066816928356E-002
  0.74726845925157936       0.12949244051352546     
  0.73257889254338948       0.19302340595469819     
  0.71211598280545652       0.25509341562720261     
  0.68598555603848110       0.31521167025758373     
  0.65432832979688782       0.37288532798161572     
  0.61732311332981604       0.42762052243730214     
  0.57519035001561347       0.47892435088941832     
  0.52819578358470332       0.52630796516913836     
  0.47665399308618395       0.56929086380928717     
  0.42093148912635403       0.60740640963942050     
  0.36144904834509484       0.64020851393571943     
  0.29868300682406562       0.66727944835514541     
  0.23316516407550938       0.68823857838880398     
  0.16548100147703798       0.70275171228768951     
   9.6265999126195240E-002  0.71054071879434866     
   2.6199907893877949E-002  0.71139296267546970     
  -4.4001047894201235E-002  0.70517006492951417     
 -0.11359392119072140       0.69181544304787423     
 -0.18182047647669713       0.67136014091303553     
 -0.24791989620287433       0.64392651935460243     
 -0.31114221352380544       0.60972947880923734     
 -0.37076183532943185       0.56907506283191511     
 -0.42609050439593005       0.52235650352212504     
 -0.47648907906266474       0.47004794500900993     
 -0.52137764925217434       0.41269629169296551     
 -0.56024363056112902       0.35091170792680404     
 -0.59264771718141829       0.28535740459947140     
 -0.61822783530225156       0.21673933513176211     
 -0.63670140860001334       0.14579628228295149     
 -0.64786638275320430        7.3290642574814047E-002
 -0.65160144251348406        7.9798162089393630E-017
  0.73953317563476106        0.0000000000000000     
  0.73666338969374190        6.3073637703263755E-002
  0.72806797261605605       0.12567322626200883     
  0.71378975576244974       0.18732378362435537     
  0.69390135104349726       0.24754866811776402     
  0.66850709044095968       0.30586923575638270     
  0.63774561958866660       0.36180511526167264     
  0.60179298690074845       0.41487527705807503     
  0.56086605140160550       0.46460005227541001     
  0.51522599244145895       0.51050422893496450     
  0.46518167405291511       0.55212132508520606     
  0.41109253652435818       0.58899902401125603     
  0.35337073880605857       0.62070574948553092     
  0.29248225756275770       0.64683831747621479     
  0.22894660516202561       0.66703045061857835     
  0.16333488646231142       0.68096184083092592     
   9.6265999126196169E-002  0.68836742287953212     
   2.8400851018746200E-002  0.68904641211525852     
  -3.9565412279405666E-002  0.68287061883057265     
 -0.10691303184330941       0.66979150242666319     
 -0.17290882919674214       0.64984552118674488     
 -0.23681855349619746       0.62315736795623566     
 -0.29791983401517130       0.58994078944047457     
 -0.35551512434744853       0.55049689174672944     
 -0.40894401069373060       0.50521000981992614     
 -0.45759429319993095       0.45454139499420859     
 -0.50091140726102235       0.39902118599599079     
 -0.53840590767652519       0.33923920186117834     
 -0.56965886480422934       0.27583511016144002     
 -0.59432537199991231       0.20948860215894563     
 -0.61213647963873707       0.14091001410875090     
 -0.62289999790484529        7.0831668294341787E-002
 -0.62650057757428834        7.6724192699032036E-017
  0.72026652128675339        0.0000000000000000     
  0.71747839254265200        6.1184080429229591E-002
  0.70912775262787875       0.12190578226546823     
  0.69525681983066545       0.18170187897194129     
  0.67593714014214590       0.24010764832509365     
  0.65127146468131669       0.29665660185276582     
  0.62139625707534407       0.35088082048667324     
  0.58648467283109618       0.40231206837776734     
  0.54674983667548971       0.45048383754929439     
  0.50244820125090617       0.49493444532004810     
  0.45388274201465617       0.53521127823253334     
  0.40140565178846188       0.57087613735023401     
  0.34542030373368310       0.60151170130703380     
  0.28638216635317404       0.62672901172398632     
  0.22479835004427459       0.64617576378623698     
  0.16122552006111204       0.65954508434965409     
   9.6265999126195531E-002  0.66658446413889361     
   3.0561949929193089E-002  0.66710440665300030     
  -3.5212352161917211E-002  0.66098630779036383     
 -0.10035999926201117       0.64818904907643560     
 -0.16417239180888110       0.62875389555808825     
 -0.22594122015962970       0.60280730861234999     
 -0.28497094115381960       0.57056140176401970     
 -0.34059115827407316       0.53231198647057576     
 -0.39216830074811593       0.48843429987431164     
 -0.43911604678226657       0.43937669006753222     
 -0.48090409663402955       0.38565272843282017     
 -0.51706508166517839       0.32783229270772490     
 -0.54719946495395022       0.26653212214068184     
 -0.57097864048544367       0.20240644858096707     
 -0.58814657964627060       0.13613812630804817     
 -0.59852043488816586        6.8430490919176815E-002
 -0.60199050171796298        7.3722574104601270E-017
  0.70123704552098121        0.0000000000000000     
  0.69852987522070542        5.9317814347874073E-002
  0.69042190383156210       0.11818495759754759     
  0.67695469921077123       0.17614999137891468     
  0.65819867920761477       0.23276013723038680     
  0.63425492802993211       0.28756107351728610     
  0.60525761833258451       0.34009732683366439     
  0.57137688175026458       0.38991342466149953     
  0.53282195926416565       0.43655596013796305     
  0.48984441614705071       0.47957668873524900     
  0.44274116372983596       0.51853672796628292     
  0.39185697029832112       0.55301181077607720     
  0.33758625384346658       0.58259863181376625     
  0.28037382318796927       0.60692215874062450     
  0.22071426791173324       0.62564369639222972     
  0.15914974448363539       0.63846938122507102     
   9.6265999126195281E-002  0.64515877580743319     
   3.2686534617018974E-002  0.64553313631461706     
  -3.0935052521100258E-002  0.63948287038639207     
  -9.3924391640656482E-002  0.62697369394365288     
 -0.15559701439127538       0.60805110309403632     
 -0.21526996552350483       0.58284279539944828     
 -0.27227380880697144       0.55155880032441040     
 -0.32596445735232449       0.51448929982968705     
 -0.37573424855951687       0.47200024768571242     
 -0.42102174838748474       0.42452708314000004     
 -0.46131991866459848       0.37256699907242430     
 -0.49618247952134648       0.31667030931421647     
 -0.52522837383926946       0.25743139822086092     
 -0.54814450180137331       0.19547978833812518     
 -0.56468710457954097       0.13147174658504088     
 -0.57468219417618460        6.6082629138303914E-002
 -0.57802541377697492        7.0787697280779679E-017
  0.68242281471588540        0.0000000000000000     
  0.67979598468013536        5.7472687178193184E-002
  0.67192881489711631       0.11450645349743396     
  0.65886218649945216       0.17066168764981246     
  0.64066532856384817       0.22549758559990085     
  0.61743757406343491       0.27857201054496761     
  0.58931069793701307       0.32944193528474308     
  0.55645168148236357       0.37766462935272160     
  0.51906573552373192       0.42279973639753676     
  0.47739938140430238       0.46441237002514307     
  0.43174329293208974       0.50207725115332491     
  0.38243464135560584       0.53538387319166592     
  0.32985872337713928       0.56394272295830650     
  0.27444953939126548       0.58739241235849204     
  0.21668904084191420       0.60540751337932641     
  0.15710480580959510       0.61770677043535027     
   9.6265999126195489E-002  0.62406136008302526     
   3.4777541786419092E-002  0.62430278424197050     
  -2.6727469519857067E-002  0.61832992219784266     
  -8.7596906637367675E-002  0.60611477131412739     
 -0.14717001169724830       0.58770651889995751     
 -0.20478863355246602       0.56323360250136367     
 -0.25980876826122312       0.53290354881179536     
 -0.31161185430407123       0.49700060241403599     
 -0.35961526931564836       0.45588126844184385     
 -0.40328154789964660       0.40996807685459802     
 -0.44212598525382807       0.35974202278971246     
 -0.47572248171646109       0.30573421264597445     
 -0.50370762340058661       0.24851721151670880     
 -0.52578308668525442       0.18869652722189628     
 -0.54171678526085421       0.12690266598989419     
 -0.55134314903692783        6.3783933829523798E-002
 -0.55456289852064333        6.7914367859918422E-017
  0.66380535984841194        0.0000000000000000     
  0.66125831561267723        5.5646886136768693E-002
  0.65363027238493498       0.11086664708673849     
  0.64096138935408919       0.16523154020183872     
  0.62331964831122122       0.21831276959529694     
  0.60080254969125757       0.26968040477122779     
  0.57353936794248517       0.31890386949082283     
  0.54169381186027854       0.36555315875606215     
  0.50546692337507171       0.40920092424887555     
  0.46510002702811387       0.44942556335530187     
  0.42087739288003534       0.48581528251886325     
  0.37312842931989587       0.51797317506063745     
  0.32222915260873886       0.54552330973416641     
  0.26860261245647193       0.56811767737455088     
  0.21271801022981390       0.58544379435869509     
  0.15508827940538136       0.59723263426225792     
   9.6265999126195517E-002  0.60326655672583140     
   3.6837583172281238E-002  0.60338683304578566     
  -2.2584201722204870E-002  0.59750030837225210     
  -8.1369191388559997E-002  0.58558474548774009     
 -0.13887994243782473       0.56769252126084668     
 -0.19448259185606759       0.54395235464098846     
 -0.24755793797293674       0.51456888560489866     
 -0.29751221555360136       0.47982014288708774     
 -0.34378703866425719       0.44005303779045557     
 -0.38586806163319887       0.39567719800132284     
 -0.42329205740284365       0.34715759453159190     
 -0.45565228080413728       0.29500646675758063     
 -0.48260219253635189       0.23977505581301536     
 -0.50385757848214896       0.18204549702206418     
 -0.51919748135840649       0.12242329793891636     
 -0.52846434831392175        6.1530568639190361E-002
 -0.53156373162637915        6.5097782247906782E-017
  0.64536911556882226        0.0000000000000000     
  0.64290135303737195        5.3838883131355701E-002
  0.63551091299878348       0.10726248241583630     
  0.62323719909076836       0.15985496586583484     
  0.60614688991333310       0.21119958015890722     
  0.58433557548802728       0.26087862368418435     
  0.55792993166490168       0.30847397762019263     
  0.52709027774755879       0.35356834803861031     
  0.49201335772928584       0.39574735860311827     
  0.45293515113004290       0.43460261918518273     
  0.41013336723021104       0.46973571181712009     
  0.36392949448996953       0.50076317846524410     
  0.31469011846635220       0.52732247126040577     
  0.26282720493951550       0.54907871031456490     
  0.20879710090812451       0.56573205208072352     
  0.15309803494481911       0.57702534314117460     
   9.6265999126195476E-002  0.58275172153799515     
   3.8868973352801026E-002  0.58276178241925414     
  -1.8500442689502804E-002  0.57696986531082450     
  -7.5233784588832120E-002  0.56535901983692094     
 -0.13071654993626691       0.54798434836860477     
 -0.18433868030909120       0.52497443095576457     
 -0.23550518863352912       0.49653067148757807     
 -0.28364642950574193       0.46292463370270809     
 -0.32822751014363177       0.42449350926978874     
 -0.36875642290750565       0.38163403902285686     
 -0.40479063293925460       0.33479533793392346     
 -0.43594200024709273       0.28447110230711475     
 -0.46188015589660869       0.23119170719684123     
 -0.48233438878158913       0.17551650880572481     
 -0.49709437823639596       0.11802671737048066     
 -0.50601022585397148        5.9319030606952386E-002
 -0.50899209376808086        6.2333553842438975E-017
  0.62710042505835761        0.0000000000000000     
  0.62471148223932982        5.2047337229567267E-002
  0.61755724892581476       0.10369127659194952     
  0.60567634134411386       0.15452793790708683     
  0.58913408173872417       0.20415264427893196     
  0.56802407580651404       0.25215994546035619     
  0.54247030758612613       0.29814418706047768     
  0.51262959602408631       0.34170077324721887     
  0.47869426660749803       0.38242826748130265     
  0.44089481239118011       0.41993142398258254     
  0.39950223411003832       0.45382509672580529     
  0.35482995292230934       0.48373913358452048     
  0.30723498308268615       0.50932418230781729     
  0.25711808288700039       0.53025825714653141     
  0.20492264923777148       0.54625386818802424     
  0.15113215219577636       0.55706540062808263     
   9.6265999126195489E-002  0.56249639197790957     
   4.0873808914648646E-002  0.56240634536067380     
  -1.4471829059316038E-002  0.55671665690928518     
  -6.9183898950943429E-002  0.54541521967419770     
 -0.12267048739925519       0.52855943506805736     
 -0.17434488744178853       0.50627735956635167     
 -0.22363577934570233       0.47876684514798212     
 -0.26999701018268152       0.44629276813533031     
 -0.31291649415121670       0.40918249327739631     
 -0.35192384336437532       0.36781989799684922     
 -0.38659649592395534       0.32263840424492396     
 -0.41656423336455012       0.27411347011851794     
 -0.44151221810651492       0.22275503112661382     
 -0.46118268949641206       0.16910021097493258     
 -0.47537551763420738       0.11370656739131099     
 -0.48394813095791256        5.7146103919640173E-002
 -0.48681510103328995        5.9617655525701405E-017
  0.60898721162606284        0.0000000000000000     
  0.60667666255752206        5.0271062529812421E-002
  0.59975734816756410       0.10015065619299761     
  0.58826706711061805       0.14924689230434526     
  0.57226973492172473       0.19716720313488975     
  0.55185690298348389       0.24351841154960926     
  0.52714977520818285       0.28790733460400197     
  0.49830156586220997       0.32994206277902749     
  0.46550006834002128       0.36923406921382484     
  0.42897015564593405       0.40540118769707878     
  0.38897598114611653       0.43807144588072428     
  0.34582276077122603       0.46688786231012996     
  0.29985780659570294       0.49151410278093016     
  0.25147055533412332       0.51164085383188751     
  0.20109136661853297       0.52699270977081680     
  0.14918890493549131       0.53733528008911891     
   9.6265999126195434E-002  0.54248214723028931     
   4.2853979607381298E-002  0.54230133492083588     
  -1.0494423427938548E-002  0.53672088850244337     
  -6.3213403903099541E-002  0.52573313521280896     
 -0.11473330542465472       0.50939738269795387     
 -0.16449034799936330       0.48784081301079735     
 -0.21193636917392950       0.46125744046511857     
 -0.25654812645565939       0.42990525589874057     
 -0.29783570736542270       0.39410170649160714     
 -0.33534968327817805       0.35421783633826887     
 -0.36868680648458813       0.31067153234976530     
 -0.39749415406456573       0.26392030036922348     
 -0.42147184270348514       0.21445403583961839     
 -0.44037455674833842       0.16278813291373945     
 -0.45401195321285676       0.10945709021659457     
 -0.46224849117250394        5.5008875944825369E-002
 -0.46500297020187653        5.6946439905174007E-017
  0.59101849316622013        0.0000000000000000     
  0.58878594457034406        4.8508980608188187E-002
  0.58210035982217045        9.6638462840419118E-002
  0.57099869145739623       0.14400858781865436     
  0.55554340028509319       0.19023892845148530     
  0.53582391726588563       0.23494860214101077     
  0.51195858230969593       0.27775690402469644     
  0.48409690776013131       0.31828460114367874     
  0.45242204597151764       0.35615604684532237     
  0.41715312379282338       0.39100209272206610     
  0.37854731762066457       0.42246384794943193     
  0.33690150830200238       0.45019737287186889     
  0.29255318383442319       0.47387918344262814     
  0.24588035363798449       0.49321242854084602     
  0.19730026077940513       0.50793353366695693     
  0.14726672269959656       0.51781903633208259     
   9.6265999126205745E-002  0.52269223200412873     
   4.4811203854737670E-002  0.52242930365064832     
  -6.5646466525963263E-003  0.51696456652452960     
  -5.7316729008928938E-002  0.50629440318498520     
 -0.10689733048880239       0.49047966573337076     
 -0.15476519983804410       0.46964634051581189     
 -0.20039485594882578       0.44398434526252828     
 -0.24328542591444507       0.41374460853044082     
 -0.28296858433187766       0.37923458345802907     
 -0.31901525336879150       0.34081251615137398     
 -0.35104089428745316       0.29888091077304474     
 -0.37870930479812032       0.25387958924915610     
 -0.40173503563274499       0.20627878267298802     
 -0.41988475094224809       0.15657261827470467     
 -0.43297752817256768       0.10527308293535778     
 -0.44088458800223762        5.2904715140403631E-002
 -0.44352879362340092        5.4316611744058489E-017
  0.57318405930782845        0.0000000000000000     
  0.57102914898671076        4.6760088892029893E-002
  0.56457619842080731        9.3152690409726874E-002
  0.55386128676461965       0.13881001293946316     
  0.53894537430479794       0.18336380098182484     
  0.51991570810885634       0.22644548719354451     
  0.49688768448462417       0.26768685204372872     
  0.47000702358863067       0.30672133203889962     
  0.43945213060174737       0.34318613147555155     
  0.40543626667657878       0.37672506101711983     
  0.36820951015475673       0.40699222572483179     
  0.32806028337984128       0.43365660444347293     
  0.28531613582988508       0.45640740399849411     
  0.24034355120713857       0.47496003703614470     
  0.19354658323225848       0.48906252229348074     
  0.14536416513267386       0.49850204518286018     
   9.6265999126195642E-002  0.50311130271649762     
   4.6747052841683651E-002  0.50277429904149917     
  -2.6792313730870125E-003  0.49743126484653788     
  -5.1488797028396788E-002  0.48708228617343280     
  -9.9155579236843483E-002  0.47178942486440278     
 -0.14516048134282522       0.45167717607898422     
 -0.18900025854943714       0.42693112513137038     
 -0.23019590351278241       0.39779497933575325     
 -0.26830013392624541       0.36456613305244295     
 -0.30290366010767356       0.32759007327550249     
 -0.33364009437909220       0.28725406799157605     
 -0.36018942519458508       0.24398050736460386     
 -0.38228016531718534       0.19822031153407382     
 -0.39969053138844007       0.15044676874501725     
 -0.41224868520854885       0.10114985970834277     
 -0.41983236427721832        5.0831252081938068E-002
 -0.42236834577017712        5.1725204270860992E-017
  0.55547418617742361        0.0000000000000000     
  0.55339658278428949        4.5023432701964877E-002
  0.54717526381755544        8.9691429313177792E-002
  0.53684540931159441       0.13364830294541727     
  0.52246643533768899       0.17653800096812811     
  0.50412334374126688       0.21800429257607512     
  0.48192851042577817       0.25769145149670297     
  0.45602377918429488       0.29524557992927636     
  0.42658270345876748       0.33031670433257243     
  0.39381256513647517       0.36256153971012628     
  0.35795622893526491       0.39164710596551067     
  0.31929354176413094       0.41725518448030741     
  0.27814200542855844       0.43908752108542248     
  0.23485648498281680       0.45687160383140540     
  0.18982777679633783       0.47036681983460471     
  0.14347989580432707       0.47937073763602922     
   9.6265999126196392E-002  0.48372516167694940     
   4.8662976458771857E-002  0.48332160010755904     
   1.1648294531857277E-003  0.47810586604448435     
  -4.5724947313506445E-002  0.46808142008078985     
  -9.1501657502634004E-002  0.45331122320833206     
 -0.13566800664560308       0.43391800501823791     
 -0.17774256892917997       0.41008280197139524     
 -0.21726773140941824       0.38204195604838748     
 -0.25381674786181291       0.35008274698799585     
 -0.28699959447750628       0.31453794392491857     
 -0.31646751732362022       0.27577971884508812     
 -0.34191620662947614       0.23421326851470853     
 -0.36308770232163001       0.19027053311840095     
 -0.37977138417251899       0.14440436149678376     
 -0.39180418612142554        9.7083195995018634E-002
 -0.39907013863935226        4.8786351342047736E-002
 -0.40149979616394360        4.9169544023048846E-017
  0.53787968611963344        0.0000000000000000     
  0.53587908897159797        4.3298110153052828E-002
  0.52988849139774019        8.6252876486799995E-002
  0.51994214894848534       0.12852075497211221     
  0.50609789117771475       0.16975792798076569     
  0.48843841644174468       0.20962052426790326     
  0.46707300539560037       0.24776532038002266     
  0.44213954574209524       0.28385108401635933     
  0.41380663472832968       0.31754063560212864     
  0.38227546638945559       0.34850354421182156     
  0.34778157942669097       0.37641966687787826     
  0.31059613469451791       0.40098348032931175     
  0.27102647993242829       0.42190912292924304     
  0.22941577269809038       0.43893597908663817     
  0.18614148725631371       0.45183459085055439     
  0.14161268810437042       0.46041265970931367     
   9.6265999126195795E-002  0.46452082009670254     
   5.0560296865418290E-002  0.46405778273899023     
   4.9702699472369159E-003  0.45897462476380579     
  -4.0020953071860287E-002  0.44927787103967948     
  -8.3929780081385172E-002  0.43503109404531110     
 -0.12628038755607068       0.41635500500171863     
 -0.16661277572006966       0.39342588931736894     
 -0.20449028292726412       0.36647259002486721     
 -0.23950622410766939       0.33577222323386480     
 -0.27128935318014324       0.30164488209335805     
 -0.29950806821986392       0.26444777724307028     
 -0.32387330693850264       0.22456913774218423     
 -0.34414023192859722       0.18242223385651390     
 -0.36010903161072860       0.13843985205519976     
 -0.37162511904776568        9.3069329991898292E-002
 -0.37857861136794080        4.6768112064153718E-002
 -0.38090371472453316        4.6647251502073605E-017
  0.52039150433514292        0.0000000000000000     
  0.51846764499211406        4.1583232601038800E-002
  0.51270695543796851        8.2835256493823436E-002
  0.50314274189770947       0.12342471055669652     
  0.48983120545077746       0.16302004613780713     
  0.47285268308901213       0.20128977622889979     
  0.45231329051510150       0.23790319419509956     
  0.42834688016913308       0.27253173591163216     
  0.40111698873374224       0.30485098960754653     
  0.37081861659077475       0.33454333233999667     
  0.33767986648663900       0.36130138507900156     
  0.30196310544603761       0.38483221861027606     
  0.26396542380779037       0.40486222546847189     
  0.22401818414028329       0.42114251421795629     
  0.18248547567262560       0.43345457943217236     
  0.13976138131258586       0.44161602641236852     
   9.6265999126195462E-002  0.44548604401898889     
   5.2440254313738270E-002  0.44497025444476018     
   8.7396444009858951E-003  0.44002469971186203     
  -3.4372881198575435E-002  0.43065867334113284     
  -7.6434582554659597E-002  0.41693608652363728     
 -0.11699079192685365       0.39897539398072351     
 -0.15560257046632861       0.37694795268649584     
 -0.19185379029096089       0.35107497919642533     
 -0.22535737773030567       0.32162337685650105     
 -0.25576040593814148       0.28890060444796029     
 -0.28274797345375263       0.25324903995078502     
 -0.30604584052078293       0.21504015841610086     
 -0.32542191305552454       0.17466885231446319     
 -0.34068686716650304       0.13254820288259678     
 -0.35169431491521141        8.9104846558111267E-002
 -0.35834026958372039        4.4774809380203832E-002
 -0.36056247296301808        4.4156167840681408E-017
  0.50300087345621081        0.0000000000000000     
  0.50115351635777472        3.9877939773936187E-002
  0.49562202017875717        7.9436851574885586E-002
  0.48643871720074683       0.11835760006197917     
  0.47365813825957626       0.15632094236202596     
  0.45735820128236832       0.19300780315746832     
  0.43764178910275581       0.22810001036515284     
  0.41463864090783159       0.26128167469028624     
  0.38850712919274810       0.29224113006655267     
  0.35943595437504466       0.32067351829955476     
  0.32764567468434269       0.34628415580397204     
  0.29338975612618517       0.36879261018452952     
  0.25695493167596611       0.38793740028491419     
  0.21866068056522270       0.40348119182815345     
  0.17885764628940354       0.41521624950317115     
  0.13792489313589182       0.42296984903977913     
   9.6265999126218332E-002  0.42660946511702980     
   5.4303997081164075E-002  0.42604735656844683     
   1.2475308829913628E-002  0.42124424639898411     
  -2.8777117481619149E-002  0.41221191252471495     
  -6.9011154287987486E-002  0.39901434532293134     
 -0.10779298834954358       0.38176751381008694     
 -0.14470439005020366       0.36063767307314548     
 -0.17934938236747730       0.33583831405633047     
 -0.21136007667521930       0.30762607580137985     
 -0.24040142783854473       0.27629581687281868     
 -0.26617480860475706       0.24217520523603348     
 -0.28842040186098072       0.20561916517647813     
 -0.30691849893643375       0.16700448723613184     
 -0.32148996934061719       0.12672488759156444     
 -0.33199635815004164        8.5186679345368638E-002
 -0.33833939586254907        4.2804895259022493E-002
 -0.34046025189731127        4.1694355772294387E-017
  0.48569923431894446        0.0000000000000000     
  0.48392817760802720        3.8181391987171243E-002
  0.47862526138418826        7.6055986045276885E-002
  0.46982181917995547       0.11331691915552927     
  0.45757066959584197       0.14965729465726946     
  0.44194725328808643       0.18477047983896663     
  0.42305115510977542       0.21835086041735408     
  0.40100791784257606       0.25009522936696515     
  0.37597065152351000       0.27970465239731451     
  0.34812164744567026       0.30688699541652487     
  0.31767380969776854       0.33136020520056514     
  0.28487159592912442       0.35285625334528548     
  0.24999128290541237       0.37112566497941629     
  0.21334038196915964       0.38594251781736127     
  0.17525602004222526       0.39710965163495549     
  0.13610220488587024       0.40446378467381405     
   9.6265999126195434E-002  0.40788042522085105     
   5.6152597546365805E-002  0.40727820106658918     
   1.6179455132798472E-002  0.40262224540587921     
  -2.3230311895477390E-002  0.39392654503634561     
  -6.1654959593354423E-002  0.38125492032369901     
  -9.8681242284362161E-002  0.36472063592046511     
 -0.13391130180837385       0.34448467501346419     
 -0.16696893949647057       0.32075270076965301     
 -0.19750506754068858       0.29377106666688280     
 -0.22520210082868755       0.26382205156108834     
 -0.24977727727497551       0.23121872508686050     
 -0.27098482332781398       0.19629965428873830     
 -0.28861707748563908       0.15942379026050724     
 -0.30250482567734394       0.12096580721085157     
 -0.31251729977068660        8.1312053728844716E-002
 -0.31856177449100009        4.0856969575077604E-002
 -0.32058274619083038        3.9260063398446871E-017
  0.46847821172867815        0.0000000000000000     
  0.46678328804997288        3.6492767754194022E-002
  0.46170844179090581        7.2691021411443374E-002
  0.45328398254754343       0.10830022125904526     
  0.44156097384918158       0.14302586154953589     
  0.42661231992859100       0.17657378718925212     
  0.40853424534196880       0.20865097142188499     
  0.38744800736585594       0.23896689843316873     
  0.36350135461116928       0.26723535548497301     
  0.33687006408531756       0.29317690142348884     
  0.30775927061924391       0.31652204888147545     
  0.27640431477736516       0.33701508450472178     
  0.24307092150432363       0.35441843462840816     
  0.20805454586796415       0.36851745142686287     
  0.17167871807296706       0.37912534016959926     
  0.13429235286528832       0.38608804873249614     
   9.6265999126203206E-002  0.38928887915271132     
   5.7987062673997579E-002  0.38865256405570031     
   1.9854134281707281E-002  0.38414838579967897     
  -1.7729340838729339E-002  0.37579227374208912     
  -5.4361783501511912E-002  0.36364763568999758     
  -8.9650241770381792E-002  0.34782482233201634     
 -0.12321690489277459       0.32847937896134721     
 -0.15470499372155594       0.30580903960518080     
 -0.18378384399831760       0.28004984312451353     
 -0.21015296038651426       0.25147154117984172     
 -0.23354503901773971       0.22037269023776457     
 -0.25372798569247762       0.18707568240136860     
 -0.27050586469198284       0.15192188029034523     
 -0.28371911567955105       0.11526722439647842     
 -0.29324443061915356        7.7478441699716169E-002
 -0.29899445874558811        3.8929757187380731E-002
 -0.30091692931391145        3.6851695429353202E-017
  0.45132972637825453        0.0000000000000000     
  0.44971080275116432        3.4811274718321010E-002
  0.44486361960139076        6.9340377951636806E-002
  0.43681743724289740       0.10330514935041261     
  0.42562151987804570       0.13642352353786397     
  0.41134617494982800       0.16841386269506223     
  0.39408420637455810       0.19899576406677713     
  0.37395249017167675       0.22789141370064417     
  0.35109331300200058       0.25482731387577223     
  0.32567583238535286       0.27953669063081915     
  0.29789729900121831       0.30176256532669254     
  0.26798382399190324       0.32126145428243547     
  0.23619048832619791       0.33780759953477363     
  0.20280058625393119       0.35119746773179189     
  0.16812397416646330       0.36125443574413102     
  0.13249443385596107       0.36783347068747013     
   9.6265999126202331E-002  0.37082544092721742     
   5.9808330442047690E-002  0.37016092208514406     
   2.3501251171146851E-002  0.36581309102900478     
  -1.2271311878969321E-002  0.35779956357016324     
  -4.7127733988416624E-002  0.34618309524457147     
  -8.0695095439192580E-002  0.33107092193805998     
 -0.11261532059375610       0.31261298680604305     
 -0.14255070499252184       0.29099899593795781     
 -0.17018863834648412       0.26645463747267961     
 -0.19524536113307206       0.23923719065032473     
 -0.21746866600479037       0.20963080121521499     
 -0.23663976633445447       0.17794183886087753     
 -0.25257414531955918       0.14449431892962139     
 -0.26512164354336515       0.10962574290048654     
 -0.27416620950658926        7.3683547572822819E-002
 -0.27962569597689074        3.7022100560997875E-002
 -0.28145097737175967        3.4467803855521958E-017
  0.43424585587673470        0.0000000000000000     
  0.43270283341418408        3.3136135950064378E-002
  0.42808300879772304        6.6002506930602473E-002
  0.42041456778207265        9.8329393297827292E-002
  0.40974493162254155       0.12984722535822535     
  0.39614175079411473       0.16028692866811714     
  0.37969434378173778       0.18938076527966183     
  0.36051510631838368       0.21686363776798834     
  0.33874076002083131       0.24247476089463518     
  0.31453373241306948       0.26596000253213142     
  0.28808327960760899       0.28707484734723804     
  0.25960617599339686       0.30558797727693698     
  0.22934674473467895       0.32128534093872463     
  0.19757601497424912       0.33397436439138917     
  0.16459009362252910       0.34348841852515671     
  0.13070758366768323       0.34969127626896085     
   9.6265999126195489E-002  0.35248115140164538     
   6.1617293699085710E-002  0.35179420991166704     
   2.7122614363541214E-002  0.34760726883655352     
  -6.8534864497025337E-003  0.33993938667670376     
  -3.9949136124432766E-002  0.32885242692246663     
  -7.1811196456204401E-002  0.31445031595725892     
 -0.10210102618419957       0.29687723320232523     
 -0.13049966243261774       0.27631475809170380     
 -0.15671219295425459       0.25297819208044803     
 -0.18047123340326418       0.22711237736945725     
 -0.20153936301807723       0.19898718124262366     
 -0.21971073715190909       0.16889308424202290     
 -0.23481195082016743       0.13713697707046441     
 -0.24670200114008570       0.10403820546415286     
 -0.25527191335392835        6.9925238395125044E-002
 -0.26044457044718577        3.5132924589597568E-002
 -0.26217390992190520        3.2107043960580775E-017
  0.41721892240786629        0.0000000000000000     
  0.41575173644281166        3.1466598620912167E-002
  0.41135906830089775        6.2675908334462377E-002
  0.40406800205708637        9.3370716796774902E-002
  0.39392406988779682       0.12329400985926499     
  0.38099221039275472       0.15218933061905190     
  0.36535818863174768       0.17980165265854225     
  0.34712981472482046       0.20587861284814352     
  0.32643813838547836       0.23017213925928276     
  0.30343874319693181       0.25244071905592791     
  0.27831278030646978       0.27245226178910126     
  0.25126758919067965       0.28998757862877150     
  0.22253659289017713       0.30484417999382651     
  0.19237845611358217       0.31684030906300109     
  0.16107546116964702       0.32581916799435545     
  0.12893098027736319       0.33165311933541536     
   9.6265999126197904E-002  0.33424750254831759     
   6.3414798638525297E-002  0.33354383598881782     
   3.0719934505155186E-002  0.32952231922278963     
  -1.4732790826151520E-003  0.32220321991495493     
  -3.2822527652694437E-002  0.31164727209628024     
  -6.2994213276689998E-002  0.29795490063942726     
  -9.1668840041231853E-002  0.28126436330357746     
 -0.11854586301707198       0.26174901135966250     
 -0.14334772505464910       0.23961372418080565     
 -0.16582306301495819       0.21509093460740364     
 -0.18574892306980595       0.18843634658583919     
 -0.20293211323272820       0.15992472291130091     
 -0.21721000252834374       0.12984601136378721     
 -0.22845050931878649        9.8501675949340381E-002
 -0.23655157059337167        6.6201530698459327E-002
 -0.24144093435849465        3.3261229802351730E-002
 -0.24307551970635172        2.9768165715946299E-017
  0.40024157642843122        0.0000000000000000     
  0.39885019582384762        2.9801942166451125E-002
  0.39468458233711606        5.9359146856567652E-002
  0.38777069034719214        8.8426981337871691E-002
  0.37815211402569393       0.11676105183603000     
  0.36589102531515050       0.14411757903534747     
  0.35106956380997811       0.17025429878739179     
  0.33379085250384893       0.19493160946167779     
  0.31418015268794386       0.21791415356174587     
  0.29238608540116767       0.23897301656467168     
  0.26858159957574351       0.25788852062995676     
  0.24296447521233394       0.27445354496713231     
  0.21575709750325023       0.28847703028474314     
  0.18720566212309483       0.29978789257047278     
  0.15757854941420571       0.30823900542576554     
  0.12716384730565358       0.31371111717645433     
   9.6265999126195670E-002  0.31611646621921052     
   6.5201642742128502E-002  0.31540170334896717     
   3.4294820689727890E-002  0.31155015272723147     
   3.8717393731011488E-003  0.30458305544783665     
  -2.5744659229267969E-002  0.29455978615583001     
  -5.4240084114257243E-002  0.28157707691668377     
  -8.1313911818252496E-002  0.26576711805308401     
 -0.10668369773519874       0.24729492114261981     
 -0.13008890790749456       0.22635490703258451     
 -0.15129385391738379       0.20316712085352492     
 -0.17008971931377223       0.17797320114922968     
 -0.18629571689858138       0.15103238380860859     
 -0.19975967259692581       0.12261784803826743     
 -0.21035817386060307        9.3013425989388734E-002
 -0.21799591478011307        6.2510581272366084E-002
 -0.22260535912862281        3.1406087564921886E-002
 -0.22414632336373835        2.7450007744804980E-017
  0.38330669029289910        0.0000000000000000     
  0.38199111704104749        2.8141467837825004E-002
  0.37805255534917148        5.6050830994073250E-002
  0.37151580049210720        8.3496114407929076E-002
  0.36242245712912075       0.11024561461796983     
  0.35083187964843071       0.13606829797225331     
  0.33682249728585884       0.16073471328295555     
  0.32049264536188449       0.18401805290420831     
  0.30196168369047210       0.20569568456427692     
  0.28137114798704277       0.22555127649142118     
  0.25888569139956802       0.24337756857910881     
  0.23469337712641769       0.25897940882744519     
  0.20900543303947730       0.27217707036761513     
  0.18205547119046264       0.28280998837394444     
  0.15409788904686433       0.29074054410221384     
  0.12540543848781838       0.29585769281435464     
   9.6265999126195836E-002  0.29808035647539965     
   6.6978585962704562E-002  0.29736009606133496     
   3.7848800569536413E-002  0.29368308932326120     
   9.1838719094088170E-003  0.28707130132830877     
  -1.8712450671240853E-002  0.27758253288160489     
  -4.5544949386137963E-002  0.26530962401759389     
  -7.1031615492638533E-002  0.25037857411864239     
  -9.4907815025421796E-002  0.23294596654376504     
 -0.11692971655040336       0.21319571567659501     
 -0.13687695726128010       0.19133547953829247     
 -0.15455453041430431       0.16759291979055743     
 -0.16979378046906252       0.14221191502227579     
 -0.18245277561959750       0.11544909658764196     
 -0.19241646718798552        8.7570868771995158E-002
 -0.19959616034467795        5.8850642558403193E-002
 -0.20392890735246064        2.9566617621878788E-002
 -0.20537733189206409        2.5151469211903991E-017
  0.36640746418882864        0.0000000000000000     
  0.36516773207476066        2.6484509043277496E-002
  0.36145631478383383        5.2749633493619677E-002
  0.35529681758189868        7.8576139730619762E-002
  0.34672880157071240       0.10374508964249209     
  0.33580875776757518       0.12803827203019016     
  0.32261130778269365       0.15123910003752219     
  0.30722989226333536       0.17313359272829443     
  0.28977785793351790       0.19351185880732211     
  0.27038955948469229       0.21217017218469855     
  0.24922121471083306       0.22891365707371089     
  0.22645101606772317       0.24355903588402292     
  0.20227891627134525       0.25593782235855628     
  0.17692583010705332       0.26589982795151718     
  0.15063208646572793       0.27331677791439418     
  0.12365505093220794       0.27808570972075586     
   9.6265999126195489E-002  0.28013197347529556     
   6.8746341355137824E-002  0.27941177435823261     
   4.1383309521121313E-002  0.27591391288567513     
   1.4465282380637179E-002  0.26966082428460808     
  -1.1723012526705259E-002  0.26070853651969733     
  -3.6905201790240628E-002  0.24914579314140106     
  -6.0817630275673877E-002  0.23509226498324778     
  -8.3213180448614324E-002  0.21869601308136638     
 -0.10386444856096749       0.20013044768716304     
 -0.12256609355144314       0.17959085721315998     
 -0.13913655224841437       0.15729095614021463     
 -0.15341900642668407       0.13345941594788588     
 -0.16528159590385016       0.10833656106751090     
 -0.17461735910485646        8.2171568363802933E-002
 -0.18134403261447823        5.5220068621873279E-002
 -0.18540316308670132        2.7741991068769047E-002
 -0.18676008058481358        2.2871513489669366E-017
  0.34953747728936657        0.0000000000000000     
  0.34837365023466343        2.4830436354747826E-002
  0.34488956040751328        4.9454301160828329E-002
  0.33910759120456818        7.3665191598887569E-002
  0.33106520563077024        9.7257015768635754E-002
  0.32081598441680209       0.12002446771541567     
  0.30843063707504442       0.14176387879930311     
  0.29399759832931055       0.16227412974262970     
  0.27762408449385700       0.18135808536764333     
  0.25943720420460425       0.19882468866237354     
  0.23958455216959249       0.21449137238149479     
  0.21823430461006671       0.22818664996922938     
  0.19557501529949550       0.23975317371132979     
  0.17181480290482992       0.24905102927166312     
  0.14717984321358710       0.25596117907648197     
  0.12191202877084714       0.26038850874778297     
   9.6265999126195489E-002  0.26226455919164532     
   7.0505579849148195E-002  0.26154992617634132     
   4.4899700720725008E-002  0.25823582053815530     
   1.9718011023125193E-002  0.25234489855888947     
  -4.7736181640769294E-003  0.24393121439915974     
  -2.8317442197126973E-002  0.23307922500382006     
  -5.0667902344946912E-002  0.21990212367261922     
  -7.1595110745352325E-002  0.20453935418759164     
  -9.0887774742812358E-002  0.18715377386895657     
 -0.10835532558428557       0.16792838134115370     
 -0.12382936858068802       0.14706302300672616     
 -0.13716454904625930       0.12477122746918730     
 -0.14823886099442410       0.10127722912809713     
 -0.15695329201204949        7.6813232192188594E-002
 -0.16323174395603865        5.1617310406165552E-002
 -0.16702020547988392        2.5931427776234299E-002
 -0.16828660273141507        2.0609164937440963E-017
  0.33269047867086421        0.0000000000000000     
  0.33160264902112147        2.3178636909524902E-002
  0.32834615516111987        4.6163613258745337E-002
  0.32294212546373208        6.8761451177450694E-002
  0.31542587676815170        9.0778993647321712E-002
  0.30584802711339815       0.11202392785430082     
  0.29427526171975227       0.13230555937515148     
  0.28079089166680715       0.15143566568800298     
  0.26549591092526426       0.16922991179900024     
  0.24851007226666824       0.18550993987150896     
  0.22997217497167469       0.20010543327428459     
  0.21004022619126547       0.21285660749178728     
  0.18889125862938844       0.22361715771093596     
  0.16672052224488532       0.23225743654355632     
  0.14373990030186801       0.23866741822535667     
  0.12017573182562562       0.24275959001949421     
   9.6265999126229851E-002  0.24447149442515481     
   7.2256959768389958E-002  0.24376786744263190     
   4.8399306633402764E-002  0.24064211352646073     
   2.4944069245091106E-002  0.23511689342687328     
   2.1384237955027864E-003  0.22724406895662252     
  -1.9778317176562137E-002  0.21710364573843902     
  -4.0578438305012121E-002  0.20480217364826558     
  -6.0049013088684461E-002  0.19047039348610253     
  -7.7994539875376523E-002  0.17426053900137919     
  -9.4238911825659813E-002  0.15634333996677494     
 -0.10862667980957195       0.13690491113092990     
 -0.12102371760289676       0.11614377331929276     
 -0.13131749516631358        9.4268169908203053E-002
 -0.13941688666971841        7.1493621789173609E-002
 -0.14525170189135733        4.8040857673480965E-002
 -0.14877230549776119        2.4134166498652351E-002
 -0.14994912455410733        1.8363471542013530E-017
  0.31586047451447030        0.0000000000000000     
  0.31484876296108005        2.1528523159785311E-002
  0.31182021761907597        4.2876399899070751E-002
  0.30679467523135912        6.3863175700743166E-002
  0.29980526077613229        8.4308722650787551E-002
  0.29089957402048211       0.10403381321090149     
  0.28014016348629267       0.12286078869065721     
  0.26760508903450425       0.14061435712762069     
  0.25338907034442898       0.15712307121814525     
  0.23760432009852378       0.17222124240546524     
  0.22038068573899788       0.18575075521612303     
  0.20186587050483415       0.19756346365115593     
  0.18222530091871805       0.20752411219956149     
  0.16164120178490576       0.21551316098556048     
  0.14031104355868806       0.22142939130781894     
  0.11844554074418753       0.22519266516653441     
   9.6265999126195642E-002  0.22674633224667859     
   7.4001121704744627E-002  0.22605909411939679     
   5.1883415996800845E-002  0.22312631292896709     
   3.0145389444294735E-002  0.21797043862687657     
   9.0156930171183137E-003  0.21064087232973819     
  -1.1284595895541181E-002  0.20121301089523294     
  -3.0545358762017374E-002  0.18978660898676869     
  -4.8570388287275279E-002  0.17648364869672908     
  -6.5179706675432866E-002  0.16144570580152046     
  -8.0211343998478832E-002  0.14483121256402928     
  -9.3522460176831163E-002  0.12681259422989835     
 -0.10499000986893896       0.10757357798490835     
 -0.11451069643910461        8.7306565935262842E-002
 -0.12200100304108079        6.6210571248326244E-002
 -0.12739657958043574        4.4489253024746024E-002
 -0.13065199999009502        2.2349472179960615E-002
 -0.13174013955784558        1.6133514022874123E-017
  0.29904189102263884        0.0000000000000000     
  0.29810644478345594        1.9879548747018180E-002
  0.29530628022878003        3.9591573518026446E-002
  0.29065990198080149        5.8968745744431568E-002
  0.28419820469710383        7.7844068354158760E-002
  0.27596569674323168        9.6051489503295756E-002
  0.26602067395138412       0.11342644740511537     
  0.25443584965981386       0.12980664168145420     
  0.24129959790316982       0.14503359877697081     
  0.22671637213900037       0.15895423943036860     
  0.21080691429404227       0.17142259370109431     
  0.19370855606916165       0.18230220174858419     
  0.17557497549467987       0.19146880636665242     
  0.15657517614527491       0.19881271257629310     
  0.13689212957300995       0.20424135000752267     
  0.11672087116060154       0.20768180102148798     
   9.6265999126226104E-002  0.20908310356068538     
   7.5738647288509958E-002  0.20841770081454761     
   5.5353191495365557E-002  0.20568257353622613     
   3.5323727188912156E-002  0.20089974682619582     
   1.5860537551934138E-002  0.19411595582144772     
  -2.8333367983444627E-003  0.18540181721052712     
  -2.0565145228031986E-002  0.17485016389932412     
  -3.7155118420615238E-002  0.16257410211866830     
  -5.2438543790897907E-002  0.14870454291708574     
  -6.6267357223829385E-002  0.13338767835866053     
  -7.8511092887091738E-002  0.11678231928082837     
  -8.9057349302079855E-002   9.9057393486461517E-002
  -9.7812049777139615E-002   8.0389760017709103E-002
 -0.10469894426995560        6.0962049100559072E-002
 -0.10965949669420165        4.0961127877462096E-002
 -0.11265227907028312        2.0576654406529400E-002
 -0.11365259796495669        1.3918429031256522E-017
  0.28222923962587299        0.0000000000000000     
  0.28137023218108681        1.8231175680925006E-002
  0.27879895872847105        3.6308063119304013E-002
  0.27453254637816404        5.4076565907014977E-002
  0.26859963479564547        7.1382929147349963E-002
  0.26104154648004196        8.8074364993017601E-002
  0.25191219650602870       0.10399946416257293     
  0.24127891153860345       0.11900902161315322     
  0.22922358166427409       0.13295758253807849     
  0.21584268703003237       0.14570461578889832     
  0.20124774551985392       0.15711628662732435     
  0.18556566663847082       0.16706792713199264     
  0.16893812995784666       0.17544604386032406     
  0.15152077653274895       0.18215059004263037     
  0.13348202049783589       0.18709757398140436     
  0.11500116180883259       0.19022129895595855     
   9.6265999126221760E-002  0.19147608895029938     
   7.7470111249256082E-002  0.19083785220100505     
   5.8809807849920195E-002  0.18830498962784134     
   4.0480880154288565E-002  0.18389889188344066     
   2.2675369152877507E-002  0.17766349694516417     
   5.5784803128794795E-003  0.16966441429138604     
  -1.0634202675285660E-002  0.15998745804620035     
  -2.5799082502011721E-002  0.14873673231515450     
  -3.9766461074289113E-002  0.13603246020044335     
  -5.2401845221494735E-002  0.12200854673436587     
  -6.3586893366382541E-002  0.10681028797315088     
  -7.3219775196446762E-002   9.0592033760695023E-002
  -8.1215156813858269E-002   7.3515101855927939E-002
  -8.7504122398670905E-002   5.5746056910683565E-002
  -9.2033626351444020E-002   3.7455124280459648E-002
  -9.4766195838763015E-002   1.8815028968472633E-002
  -9.5679515744031565E-002   1.1717361269989704E-017
  0.26541733006990337        0.0000000000000000     
  0.26463495956751393        1.6582895195647311E-002
  0.26229316133052510        3.3024855883389444E-002
  0.25840763647502440        4.9185127964428567E-002
  0.25300475514282955        6.4923318491577273E-002
  0.24612253650784574        8.0099988025516072E-002
  0.23781038762308507        9.4576936710966508E-002
  0.22813025979837728       0.10821820200192923     
  0.21715731187283391       0.12089131274661929     
  0.20497988907615874       0.13246825818439023     
  0.19170028898318148       0.14282750815583659     
  0.17743472167176944       0.15185599903578195     
  0.16231268687471861       0.15945080931230321     
  0.14647642332312505       0.16552158606057341     
  0.13007968456886246       0.16999287620021458     
  0.11328588300704909       0.17280578101957600     
   9.6265999126238552E-002  0.17391967261657296     
   7.9196081224777115E-002  0.17331378495561434     
   6.2254397863882302E-002  0.17098786621646433     
   4.5618526363248368E-002  0.16696234209867553     
   2.9462414374151126E-002  0.16127812032351230     
   1.3953630316365543E-002  0.15399561070586895     
  -7.4918428809889279E-004  0.14519348256387923     
  -1.4498369784422123E-002  0.13496677402709897     
  -2.7158967492001897E-002  0.12342496661810391     
  -3.8609862263670788E-002  0.11068975883735779     
  -4.8744570113605043E-002   9.6892964638551071E-002
  -5.7471504108603508E-002   8.2174407492187032E-002
  -6.4714015135847514E-002   6.6680105178345009E-002
  -7.0410183087921768E-002   5.0560667110959044E-002
  -7.4512428626325622E-002   3.3969941361624949E-002
  -7.6987116681540138E-002   1.7063942511904032E-002
  -7.7814225750908628E-002   9.5294942493979775E-018
  0.24860114295708105        0.0000000000000000     
  0.24789563081524885        1.4934215215578779E-002
  0.24578396166617839        2.9740971894604364E-002
  0.24228036546321341        4.4292973787357651E-002
  0.23740892675653591        5.8463314857531153E-002
  0.23120422211382805        7.2125982853321294E-002
  0.22371107816408289        8.5156079321045838E-002
  0.21498601452777810        9.7430998686930753E-002
  0.20509718113967859       0.10883118201347791     
  0.19412477099490921       0.11924125853173319     
  0.18216174279665509       0.12855206496564661     
  0.16931327088232848       0.13666183329594331     
  0.15569665206996536       0.14347828835745932     
  0.14144065016645033       0.14892086672256852     
  0.12668410108897285       0.15292212527297988     
  0.11157449730834750       0.15542979042140156     
   9.6265999126231683E-002  0.15640843504468604     
   8.0917073825023444E-002  0.15584025384948424     
   6.5688013421950492E-002  0.15372591512061545     
   5.0738286037555036E-002  0.15008475631654619     
   3.6223886131776364E-002  0.14495448350466289     
   2.2294883862336669E-002  0.13839022293198436     
   9.0932259851398602E-003  0.13046327463043519     
  -3.2491647092650106E-003  0.12125957798297368     
  -1.4611788127912658E-002  0.11087778725410789     
  -2.4886674936608982E-002   9.9427430055385208E-002
  -3.3978914129252358E-002   8.7026868734942128E-002
  -4.1806992082391949E-002   7.3801551375023589E-002
  -4.8302715316989271E-002   5.9882322217210071E-002
  -5.3411014053402719E-002   4.5404025560283508E-002
  -5.7089616508134523E-002   3.0504328556789341E-002
  -5.9308619743149514E-002   1.5322762539197739E-002
  -6.0050257970638822E-002   7.3540356211715680E-018
  0.23177578414980585        0.0000000000000000     
  0.23114737430246457        1.3284655927854917E-002
  0.22926655349779843        2.6455455132855913E-002
  0.22614604010714706        3.9398679698353478E-002
  0.22180761168141830        5.2001038562560921E-002
  0.21628223761489848        6.4150015967137722E-002
  0.20961020113367876        7.5734174513410135E-002
  0.20184236079890366        8.6644280837631357E-002
  0.19303965704454951        9.6773657918347758E-002
  0.18327424340616211       0.10601985241033617     
  0.17262929966556886       0.11428575564338256     
  0.16119891928691049       0.12148094921386218     
  0.14908816547447273       0.12752399039193837     
  0.13641195667961353       0.13234348592838749     
  0.12329423747136854       0.13588013003528565     
  0.10986651338723860       0.13808833865128284     
   9.6265999126196933E-002  0.13893721605556181     
   8.2633624036656250E-002  0.13841182707191182     
   6.9111732159171130E-002  0.13651371870305148     
   5.5841748076257990E-002  0.13326089663885662     
   4.2961885182259872E-002  0.12868751481373047     
   3.0604891380634401E-002  0.12284329236426983     
   1.8896192248270244E-002  0.11579209882978679     
   7.9522386846921280E-003  0.10761062845590304     
  -2.1207381274927391E-003   9.8386737253687559E-002
  -1.1227601605500447E-002   8.8217718270300033E-002
  -1.9284855548042448E-002   7.7208612686642308E-002
  -2.6220794461653148E-002   6.5470555179609966E-002
  -3.1975505289530790E-002   5.3119370388068347E-002
  -3.6500603854003041E-002   4.0274308707855755E-002
  -3.9758985588826672E-002   2.7057051732445471E-002
  -4.1724414103918715E-002   1.3590869449103503E-002
  -4.2381282640826905E-002   5.1902102129847947E-018
  0.21493649159087264        0.0000000000000000     
  0.21438545117564103        1.1633750596129165E-002
  0.21273626339295118        2.3167375994632304E-002
  0.21000010599283239        3.4500864131035126E-002
  0.20619640043974685        4.5534663141189771E-002
  0.20135234885961495        5.6169824168932174E-002
  0.19550379077045449        6.6308572450979944E-002
  0.18869552661404432        7.5854952855592142E-002
  0.18098141002304224        8.4715410896846755E-002
  0.17242524943777185        9.2800315010792889E-002
  0.16310020221803009       0.10002445349039407     
  0.15308945514363523       0.10630920891172885     
  0.14248530254138417       0.11158326914835780     
  0.13138889769153639       0.11578467958722552     
  0.11990915988382735       0.11886219579552268     
  0.10816142479687345       0.12077628366739034     
   9.6265999126196405E-002  0.12150084486596152     
   8.4346227902781873E-002  0.12102346821263499     
   7.2526564262579932E-002  0.11934619841060404     
   6.0930481218387858E-002  0.11648559162611725     
   4.9678496185375218E-002  0.11247218143682489     
   3.8886254039602997E-002  0.10734995255904053     
   2.8662826477974409E-002  0.10117529775979738     
   1.9109437493488948E-002   9.4015542371698860E-002
   1.0318285759822922E-002   8.5947713366372275E-002
   2.3718650462614902E-003   7.7056924422617482E-002
  -4.6574686385916003E-003   6.7434905225153330E-002
  -1.0707648965073615E-002   5.7178606158064263E-002
  -1.5726808960393149E-002   4.6388939997711702E-002
  -1.9673156886520268E-002   3.5169758476682779E-002
  -2.2514560102953083E-002   2.3626922234949672E-002
  -2.4228395201080777E-002   1.1867661993964988E-002
  -2.4801167298051083E-002   3.0372670146676266E-018
  0.19807853349322802        0.0000000000000000     
  0.19760515284414085        9.9810354647078253E-003
  0.19618844554300249        1.9875810371134110E-002
  0.19383804324140452        2.9598155995138060E-002
  0.19057090729630910        3.9062371962410344E-002
  0.18641041700270322        4.8183195198795013E-002
  0.18138789139624703        5.6876630034116450E-002
  0.17554180824320678        6.5059975168112502E-002
  0.16891911587559619        7.2653116749400531E-002
  0.16157464813333028        7.9578819066581472E-002
  0.15357191418786140        8.5764362716108294E-002
  0.14498252626585481        9.1142211757669137E-002
  0.13588621784981933        9.5651669386760743E-002
  0.12637009258595722        9.9239896417421883E-002
  0.11652787064280028       0.10186330685979277     
  0.10645875488198517       0.10348878590781321     
   9.6265999126195476E-002  0.10409430888094512     
   8.6055391150556562E-002  0.10367004253775390     
   7.5933518879596956E-002  0.10221828091659431     
   6.6005986803664943E-002   9.9753892024414759E-002
   5.6375775393639964E-002   9.6303519141232696E-002
   4.7141505373893347E-002   9.1905463606329230E-002
   3.8396207377258365E-002   8.6608263815711212E-002
   3.0225989879566401E-002   8.0469984096880109E-002
   2.2709274982739704E-002   7.3556724143455654E-002
   1.5916169097726602E-002   6.5941401351052253E-002
   9.9080641711931424E-003   5.7702527351756794E-002
   4.7376383325684439E-003   4.8922928099471734E-002
   4.4881608981032248E-004   3.9688776730596842E-002
  -2.9229377802254012E-003   3.0088635061048027E-002
  -5.3504822466345697E-003   2.0212774874660069E-002
  -6.8145974332126345E-003   1.0152552614021659E-002
  -7.3039066529800231E-003   8.9447059038430414E-019
  0.18119725906468215        0.0000000000000000     
  0.18080185177290797        8.3260547611691618E-003
  0.17961852992970950        1.6579849229212847E-002
  0.17765541496855297        2.4689209376518344E-002
  0.17492679312686654        3.2582367702116345E-002
  0.17145239174422069        4.0187964126304127E-002
  0.16725854465994389        4.7435702377163831E-002
  0.16237772204819878        5.4256488827231220E-002
  0.15684933549068569        6.0583336364490599E-002
  0.15071959731397111        6.6351901372761576E-002
  0.14404173857006106        7.1501446967294907E-002
  0.13687597654124317        7.5975923949293339E-002
  0.12928909058423796        7.9724795269495496E-002
  0.12135413405327208        8.2704497140808436E-002
  0.11314946182598704        8.4878898794498558E-002
  0.10475802140483025        8.6220949130430144E-002
   9.6265999126191146E-002   8.6712720106834312E-002
   8.7761597218155601E-002   8.6346641617029901E-002
   7.9333575980880311E-002   8.5125039575811953E-002
   7.1069760653207997E-002   8.3060866772494441E-002
   6.3055664785033605E-002   8.0176839577349265E-002
   5.5373162349910875E-002   7.6505116593209757E-002
   4.8099261468643156E-002   7.2086617147078716E-002
   4.1305309468462989E-002   6.6969794116693529E-002
   3.5056121723996664E-002   6.1209877402184476E-002
   2.9409577299573456E-002   5.4867647423802901E-002
   2.4416428429779122E-002   4.8008348282790124E-002
   2.0120048348585176E-002   4.0700858647289458E-002
   1.6556685823736532E-002   3.3016678616499880E-002
   1.3755528545427312E-002   2.5029277613260327E-002
   1.1738942857148743E-002   1.6813476870078836E-002
   1.0522749769165292E-002   8.4449729575444693E-003
   1.0116307578897050E-002   0.0000000000000000     
  0.16428786357701192        0.0000000000000000     
  0.16397076812490627        6.6683377126557069E-003
  0.16302180752895784        1.3278555885736388E-002
  0.16144763604621321        1.9772633391787156E-002
  0.15925963360575612        2.6092817744607449E-002
  0.15647405150666349        3.2181874471268995E-002
  0.15311180957308848        3.7983156195827796E-002
  0.14919952753163795        4.3441424086074029E-002
  0.14476875609086712        4.8502756964671670E-002
  0.13985695413880692        5.3115732366640293E-002
  0.13450706122369657        5.7231793905569012E-002
  0.12876747481186940        6.0805984196868668E-002
  0.12269211297386153        6.3798282451851096E-002
  0.11633959303641597        6.6173770787632535E-002
  0.10977296527761526        6.7904104351839675E-002
  0.10305874324235079        6.8967888410774059E-002
   9.6265999126195309E-002   6.9351121032569699E-002
   8.9465347023273231E-002   6.9048179547726393E-002
   8.2727724398349106E-002   6.8061503194368739E-002
   7.6123284997925478E-002   6.6401629609816715E-002
   6.9720211984805436E-002   6.4087199340335396E-002
   6.3583679913091967E-002   6.1144318639811839E-002
   5.7774998398231608E-002   5.7605853500026796E-002
   5.2350857628421947E-002   5.3510754741697107E-002
   4.7362698345108818E-002   4.8903300780358330E-002
   4.2856440302389005E-002   4.3832092154166911E-002
   3.8872294761067426E-002   3.8349247207803722E-002
   3.5444621483316695E-002   3.2509703653259378E-002
   3.2602066363587895E-002   2.6370464384232940E-002
   3.0367773099109135E-002   1.9990008320923694E-002
   2.8759407419302652E-002   1.3427895970142982E-002
   2.7789432700642214E-002   6.7443531243233067E-003
   2.7465284531090751E-002   0.0000000000000000     
  0.14734542086320029        0.0000000000000000     
  0.14710700052847558        5.0074015761967586E-003
  0.14639345249456762        9.9709704202213725E-003
  0.14520997081627721        1.4846991494757929E-002
  0.14356496354966580        1.9591872550411529E-002
  0.14147090704540702        2.4162526682456425E-002
  0.13894375883160404        2.8516367349409186E-002
  0.13600334534965550        3.2611597249416771E-002
  0.13267393217249743        3.6407933046310965E-002
  0.12898370500370965        3.9866639960901645E-002
  0.12496505554443482        4.2951173218625099E-002
  0.12065474844520759        4.5628140704060460E-002
  0.11609335506583741        4.7867471615482535E-002
  0.11132507439949305        4.9643118211211326E-002
  0.10639741430169335        5.0934063622903474E-002
  0.10136042345861222        5.1724558274012178E-002
   9.6265999126195489E-002   5.2004470956343155E-002
   9.1167125215582082E-002   5.1769735599239704E-002
   8.6116985953850547E-002   5.1022534727432990E-002
   8.1168081701803216E-002   4.9771163623252485E-002
   7.6371386185285745E-002   4.8029844379926342E-002
   7.1775583869235257E-002   4.5818344294754593E-002
   6.7426411069551648E-002   4.3161493678470261E-002
   6.3366094168211540E-002   4.0088650182810937E-002
   5.9632929193659631E-002   3.6633069932270709E-002
   5.6261051638276209E-002   3.2831211931516058E-002
   5.3280321975148849E-002   2.8722111208824643E-002
   5.0716326583091054E-002   2.4346807213186369E-002
   4.8590264982048562E-002   1.9747935678513472E-002
   4.6919289328830716E-002   1.4969160763925501E-002
   4.5716506292579139E-002   1.0054919289375705E-002
   4.4991167477000792E-002   5.0501301260284168E-003
   4.4748782478845193E-002   0.0000000000000000     
  0.13036440872100150        0.0000000000000000     
  0.13020505766738780        3.3427055043431298E-003
  0.12972807101924755        6.6560199376756750E-003
  0.12893704364320829        9.9106530042246364E-003
  0.12783771952243442        1.3077434775582262E-002
  0.12643823010107733        1.6127393452561659E-002
  0.12474951915976301        1.9032079619201434E-002
  0.12278507936320791        2.1763646702799691E-002
  0.12056101625541428        2.4295017129220248E-002
  0.11809627454341806        2.6600267560490568E-002
  0.11541279039713251        2.8655198152644640E-002
  0.11253519487676066        3.0437524414950710E-002
  0.10949070473767566        3.1927263645795602E-002
  0.10630895799036237        3.3107198485771594E-002
  0.10302173780225085        3.3963391845193973E-002
   9.9662527419154170E-002   3.4485530484746826E-002
   9.6265999126174728E-002   3.4667099068215058E-002
   9.2867493800247086E-002   3.4505603637455230E-002
   8.9502443651193114E-002   3.4002689546648611E-002
   8.6205786049629390E-002   3.3164078001186106E-002
   8.3011403899638958E-002   3.1999423558419400E-002
   7.9951617205073058E-002   3.0522061793905250E-002
   7.7056746098271081E-002   2.8748678778091157E-002
   7.4354758473808805E-002   2.6698923984250871E-002
   7.1870998478613946E-002   2.4395000647185288E-002
   6.9628029685864706E-002   2.1861216550362512E-002
   6.7645606417167048E-002   1.9123535017033511E-002
   6.5940561912441048E-002   1.6209283893328281E-002
   6.4526875945144294E-002   1.3146775279419032E-002
   6.3415936552393692E-002   9.9649575380488815E-003
   6.2616291622281828E-002   6.6933429812365171E-003
   6.2134125882778460E-002   3.3616960949525310E-003
   6.1972988355568755E-002   0.0000000000000000     
  0.11333905634723418        0.0000000000000000     
  0.11325920231869292        1.6736844299628237E-003
  0.11302004701971682        3.3325873296936692E-003
  0.11262341958396210        4.9619692482395740E-003
  0.11207230240363787        6.5471851884989470E-003
  0.11137087426760947        8.0737239702340091E-003
  0.11052457069701295        9.5272729308636568E-003
  0.10954015131000232        1.0893815163506203E-002
  0.10842576651771889        1.2159767391526055E-002
  0.10719104344892685        1.3312205024454508E-002
  0.10584701871908714        1.4339009134935111E-002
  0.10440609214406865        1.5229042896179115E-002
  0.10288196940448031        1.5972365174189224E-002
  0.10128955603983099        1.6560447781714231E-002
   9.9644800955936710E-002   1.6986383874728141E-002
   9.7964490859754644E-002   1.7245075974171100E-002
   9.6265999126195448E-002   1.7333362362864292E-002
   9.4567011704037751E-002   1.7250108783571878E-002
   9.2885236491795753E-002   1.6996241505253407E-002
   9.1238112081797870E-002   1.6574722309786044E-002
   8.9642529992883177E-002   1.5990469011513807E-002
   8.8114582577225722E-002   1.5250227731257063E-002
   8.6669346566712477E-002   1.4362405522655840E-002
   8.5320709747415735E-002   1.3336873696623284E-002
   8.4081245811670105E-002   1.2184753314524200E-002
   8.2962139413778974E-002   1.0918195502139662E-002
   8.1973160067353834E-002   9.5501697343363650E-003
   8.1122679265052872E-002   8.0942731010451591E-003
   8.0417683038609758E-002   6.5645874642512063E-003
   7.9863709166092617E-002   4.9755802629619598E-003
   7.9464985114811482E-002   3.3419294713799060E-003
   7.9224526816333907E-002   1.6784385230701024E-003
   7.9144202611980949E-002   0.0000000000000000     
   9.6265999126195476E-002   0.0000000000000000     
   9.6265999126195476E-002   0.0000000000000000     
   9.6265999126195476E-002   0.0000000000000000     
   9.6265999126195476E-002   0.0000000000000000     
   9.6265999126195476E-002   0.0000000000000000     
   9.6265999126195476E-002   0.0000000000000000     
   9.6265999126195476E-002   0.0000000000000000     
   9.6265999126195476E-002   0.0000000000000000     
   9.6265999126195476E-002   0.0000000000000000     
   9.6265999126195476E-002   0.0000000000000000     
   9.6265999126195476E-002   0.0000000000000000     
   9.6265999126195476E-002   0.0000000000000000     
   9.6265999126195476E-002   0.0000000000000000     
   9.6265999126195476E-002   0.0000000000000000     
   9.6265999126195476E-002   0.0000000000000000     
   9.6265999126195476E-002   0.0000000000000000     
   9.6265999126195476E-002   0.0000000000000000     
   9.6265999126195476E-002   0.0000000000000000     
   9.6265999126195476E-002   0.0000000000000000     
   9.6265999126195476E-002   0.0000000000000000     
   9.6265999126195476E-002   0.0000000000000000     
   9.6265999126195476E-002   0.0000000000000000     
   9.6265999126195476E-002   0.0000000000000000     
   9.6265999126195476E-002   0.0000000000000000     
   9.6265999126195476E-002   0.0000000000000000     
   9.6265999126195476E-002   0.0000000000000000     
   9.6265999126195476E-002   0.0000000000000000     
   9.6265999126195476E-002   0.0000000000000000     
   9.6265999126195476E-002   0.0000000000000000     
   9.6265999126195476E-002   0.0000000000000000     
   9.6265999126195476E-002   0.0000000000000000     
   9.6265999126195476E-002   0.0000000000000000     
   9.6265999126195476E-002   0.0000000000000000     
   1.0000000000000000        0.0000000000000000     
   9.6265999126195476E-002   0.0000000000000000     
  0.99606525669405344        8.8622491617592822E-002
   9.6265999126195476E-002   0.0000000000000000     
  0.98427611454021080       0.17663619431408512     
   9.6265999126195476E-002   0.0000000000000000     
  0.96467834603855585       0.26343000543953354     
   9.6265999126195476E-002   0.0000000000000000     
  0.93735003448304943       0.34838841456096803     
   9.6265999126195476E-002   0.0000000000000000     
  0.90240425411088221       0.43088987440525423     
   9.6265999126195476E-002   0.0000000000000000     
  0.85999270099290281       0.51030586739589523     
   9.6265999126195476E-002   0.0000000000000000     
  0.81031014608026664       0.58600088712054932     
   9.6265999126195476E-002   0.0000000000000000     
  0.75359954006900887       0.65733354094281315     
   9.6265999126195476E-002   0.0000000000000000     
  0.69015755730374928       0.72365895745628617     
   9.6265999126195476E-002   0.0000000000000000     
  0.62034032262449113       0.78433265261256691     
   9.6265999126195476E-002   0.0000000000000000     
  0.54456902363336324       0.83871596746010413     
   9.6265999126195476E-002   0.0000000000000000     
  0.46333507373722266       0.88618313825368333     
   9.6265999126195476E-002   0.0000000000000000     
  0.37720446192816043       0.92612999575633037     
   9.6265999126195476E-002   0.0000000000000000     
  0.28682090736524568       0.95798421560859426     
   9.6265999126195476E-002   0.0000000000000000     
  0.19290743428413265       0.98121695766159289     
   9.6265999126195476E-002   0.0000000000000000     
   9.6265999126194046E-002  0.99535564247976449     
   9.6265999126195476E-002   0.0000000000000000     
  -2.2251602116554114E-003  0.99999752243032802     
   9.6265999126195476E-002   0.0000000000000000     
 -0.10161672196960932       0.99482361857426460     
   9.6265999126195476E-002   0.0000000000000000     
 -0.20089620983059109       0.97961251932273985     
   9.6265999126195476E-002   0.0000000000000000     
 -0.29899873383119829       0.95425347903351976     
   9.6265999126195476E-002   0.0000000000000000     
 -0.39482050094076560       0.91875822043148525     
   9.6265999126195476E-002   0.0000000000000000     
 -0.48723492053263284       0.87327083888201540     
   9.6265999126195476E-002   0.0000000000000000     
 -0.57511099340882588       0.81807523240257640     
   9.6265999126195476E-002   0.0000000000000000     
 -0.65733354094282059       0.75359954006901642     
   9.6265999126195476E-002   0.0000000000000000     
 -0.73282471172281394       0.68041716206683978     
   9.6265999126195476E-002   0.0000000000000000     
 -0.80056610483238533       0.59924405366534328     
   9.6265999126195476E-002   0.0000000000000000     
 -0.85962077855110419       0.51093212737663507     
   9.6265999126195476E-002   0.0000000000000000     
 -0.90915437615131189       0.41645875530552312     
   9.6265999126195476E-002   0.0000000000000000     
 -0.94845459988374925       0.31691252900594291     
   9.6265999126195476E-002   0.0000000000000000     
 -0.97694830168347135       0.21347559727975562     
   9.6265999126195476E-002   0.0000000000000000     
 -0.99421553251415573       0.10740305638632834     
   9.6265999126195476E-002   0.0000000000000000     
  -1.0000000000000151        1.2246467991473719E-016
   9.6265999126195476E-002   0.0000000000000000     
