   1.0000000000000000        0.0000000000000000     
  0.99518472667219693        9.8017140329560604E-002
  0.98078528040323054       0.19509032201612828     
  0.95694033573220905       0.29028467725446239     
  0.92387953251128729       0.38268343236509000     
  0.88192126434835583       0.47139673682599803     
  0.83146961230254635       0.55557023301960284     
  0.77301045336273833       0.63439328416364660     
  0.70710678118654913       0.70710678118654902     
  0.63439328416364726       0.77301045336273921     
  0.55557023301960418       0.83146961230254801     
  0.47139673682599970       0.88192126434835849     
  0.38268343236509161       0.92387953251129107     
  0.29028467725446389       0.95694033573221404     
  0.19509032201612952       0.98078528040323643     
   9.8017140329561436E-002  0.99518472667220359     
   6.1232339957368129E-017   1.0000000000000075     
  -9.8017140329561450E-002  0.99518472667220526     
 -0.19509032201612994       0.98078528040323931     
 -0.29028467725446500       0.95694033573221826     
 -0.38268343236509372       0.92387953251129640     
 -0.47139673682600292       0.88192126434836493     
 -0.55557023301960851       0.83146961230255534     
 -0.63439328416365326       0.77301045336274676     
 -0.70710678118655657       0.70710678118655668     
 -0.77301045336274743       0.63439328416365404     
 -0.83146961230255689       0.55557023301960995     
 -0.88192126434836748       0.47139673682600458     
 -0.92387953251130017       0.38268343236509544     
 -0.95694033573222304       0.29028467725446666     
 -0.98078528040324520       0.19509032201613152     
 -0.99518472667221192        9.8017140329562297E-002
  -1.0000000000000151        1.2246467991473719E-016
  0.97959184646606445        0.0000000000000000     
  0.97487484397564317        9.6016791480757632E-002
  0.96076926381693750       0.19110888877143822     
  0.93741095043777045       0.28436050299250443     
  0.90502485716493630       0.37487357012248984     
  0.86392287978069204       0.46177639984545688     
  0.81450085279587414       0.54423207040525445     
  0.75723473734717439       0.62144648861953722     
  0.69267603743120709       0.69267603743120698     
  0.62144648861953788       0.75723473734717517     
  0.54423207040525567       0.81450085279587581     
  0.46177639984545849       0.86392287978069460     
  0.37487357012249140       0.90502485716493997     
  0.28436050299250587       0.93741095043777523     
  0.19110888877143944       0.96076926381694316     
   9.6016791480758451E-002  0.97487484397564972     
   5.9982700962276023E-017  0.97959184646607189     
  -9.6016791480758465E-002  0.97487484397565127     
 -0.19110888877143986       0.96076926381694605     
 -0.28436050299250692       0.93741095043777944     
 -0.37487357012249350       0.90502485716494530     
 -0.46177639984546170       0.86392287978070093     
 -0.54423207040526000       0.81450085279588291     
 -0.62144648861954377       0.75723473734718261     
 -0.69267603743121442       0.69267603743121453     
 -0.75723473734718327       0.62144648861954455     
 -0.81450085279588447       0.54423207040526134     
 -0.86392287978070348       0.46177639984546331     
 -0.90502485716494896       0.37487357012249517     
 -0.93741095043778400       0.28436050299250859     
 -0.96076926381695171       0.19110888877144139     
 -0.97487484397565771        9.6016791480759298E-002
 -0.97959184646607933        1.1996540192455296E-016
  0.95918369293212880        0.0000000000000000     
  0.95456496127908919        9.4016442631954647E-002
  0.94075324723064424       0.18712745552674812     
  0.91788156514333152       0.27843632873054641     
  0.88617018181858531       0.36706370787988962     
  0.84592449521302815       0.45215606286491566     
  0.79753209328920183       0.53289390779090606     
  0.74145902133161057       0.60849969307542795     
  0.67824529367586495       0.67824529367586484     
  0.60849969307542862       0.74145902133161135     
  0.53289390779090728       0.79753209328920349     
  0.45215606286491727       0.84592449521303070     
  0.36706370787989118       0.88617018181858898     
  0.27843632873054780       0.91788156514333630     
  0.18712745552674931       0.94075324723064990     
   9.4016442631955438E-002  0.95456496127909563     
   5.8733061967183917E-017  0.95918369293213612     
  -9.4016442631955466E-002  0.95456496127909718     
 -0.18712745552674973       0.94075324723065268     
 -0.27843632873054891       0.91788156514334029     
 -0.36706370787989318       0.88617018181859408     
 -0.45215606286492038       0.84592449521303681     
 -0.53289390779091139       0.79753209328921038     
 -0.60849969307543428       0.74145902133161856     
 -0.67824529367587216       0.67824529367587227     
 -0.74145902133161923       0.60849969307543506     
 -0.79753209328921193       0.53289390779091272     
 -0.84592449521303936       0.45215606286492199     
 -0.88617018181859775       0.36706370787989484     
 -0.91788156514334485       0.27843632873055046     
 -0.94075324723065823       0.18712745552675125     
 -0.95456496127910351        9.4016442631956271E-002
 -0.95918369293214345        1.1746612393436872E-016
  0.93877553939819336        0.0000000000000000     
  0.93425507858253531        9.2016093783151676E-002
  0.92073723064435109       0.18314602228205806     
  0.89835217984889282       0.27251215446858840     
  0.86731550647223443       0.35925384563728940     
  0.82792611064536437       0.44253572588437456     
  0.78056333378252962       0.52155574517655767     
  0.72568330531604663       0.59555289753131868     
  0.66381454992052291       0.66381454992052280     
  0.59555289753131924       0.72568330531604741     
  0.52155574517655889       0.78056333378253118     
  0.44253572588437606       0.82792611064536681     
  0.35925384563729090       0.86731550647223798     
  0.27251215446858978       0.89835217984889748     
  0.18314602228205923       0.92073723064435664     
   9.2016093783152453E-002  0.93425507858254164     
   5.7483422972091811E-017  0.93877553939820046     
  -9.2016093783152467E-002  0.93425507858254309     
 -0.18314602228205965       0.92073723064435931     
 -0.27251215446859084       0.89835217984890148     
 -0.35925384563729290       0.86731550647224309     
 -0.44253572588437917       0.82792611064537291     
 -0.52155574517656300       0.78056333378253806     
 -0.59555289753132490       0.72568330531605452     
 -0.66381454992052991       0.66381454992053002     
 -0.72568330531605507       0.59555289753132568     
 -0.78056333378253950       0.52155574517656433     
 -0.82792611064537536       0.44253572588438062     
 -0.86731550647224664       0.35925384563729451     
 -0.89835217984890592       0.27251215446859245     
 -0.92073723064436486       0.18314602228206112     
 -0.93425507858254941        9.2016093783153272E-002
 -0.93877553939820757        1.1496684594418449E-016
  0.91836732625961293        0.0000000000000000     
  0.91394513656834930        9.0015739092071848E-002
  0.90072115559869970       0.17916457740907862     
  0.87882273751636530       0.26658796290431536     
  0.84846077605837200       0.35144396058497918     
  0.80992767351109685       0.43291536080639825     
  0.76359452471640643       0.51021754944764286     
  0.70990754322546934       0.58260606417442296     
  0.64938376401833242       0.64938376401833231     
  0.58260606417442362       0.70990754322547001     
  0.51021754944764408       0.76359452471640799     
  0.43291536080639975       0.80992767351109929     
  0.35144396058498067       0.84846077605837555     
  0.26658796290431669       0.87882273751636986     
  0.17916457740907979       0.90072115559870503     
   9.0015739092072611E-002  0.91394513656835541     
   5.6233780327267822E-017  0.91836732625961992     
  -9.0015739092072639E-002  0.91394513656835685     
 -0.17916457740908018       0.90072115559870769     
 -0.26658796290431774       0.87882273751637374     
 -0.35144396058498256       0.84846077605838044     
 -0.43291536080640275       0.80992767351110517     
 -0.51021754944764797       0.76359452471641465     
 -0.58260606417442906       0.70990754322547689     
 -0.64938376401833919       0.64938376401833930     
 -0.70990754322547767       0.58260606417442984     
 -0.76359452471641609       0.51021754944764930     
 -0.80992767351110762       0.43291536080640425     
 -0.84846077605838399       0.35144396058498417     
 -0.87882273751637807       0.26658796290431930     
 -0.90072115559871302       0.17916457740908162     
 -0.91394513656836296        9.0015739092073416E-002
 -0.91836732625962691        1.1246756065453651E-016
  0.89795917272567749        0.0000000000000000     
  0.89363525387179543        8.8015390243268876E-002
  0.88070513901240655       0.17518314416438857     
  0.85929335222192660       0.26066378864235734     
  0.82960610071202123       0.34363409834237896     
  0.79192928894343306       0.42329502382585710     
  0.74662576520973434       0.49887938683329447     
  0.69413182720990529       0.56965926863031369     
  0.63495302026299028       0.63495302026299016     
  0.56965926863031424       0.69413182720990607     
  0.49887938683329558       0.74662576520973589     
  0.42329502382585860       0.79192928894343551     
  0.34363409834238040       0.82960610071202456     
  0.26066378864235867       0.85929335222193104     
  0.17518314416438968       0.88070513901241176     
   8.8015390243269626E-002  0.89363525387180143     
   5.4984141332175722E-017  0.89795917272568426     
  -8.8015390243269653E-002  0.89363525387180287     
 -0.17518314416439007       0.88070513901241443     
 -0.26066378864235967       0.85929335222193481     
 -0.34363409834238234       0.82960610071202945     
 -0.42329502382586148       0.79192928894344128     
 -0.49887938683329952       0.74662576520974222     
 -0.56965926863031968       0.69413182720991284     
 -0.63495302026299705       0.63495302026299716     
 -0.69413182720991351       0.56965926863032035     
 -0.74662576520974377       0.49887938683330080     
 -0.79192928894344361       0.42329502382586298     
 -0.82960610071203278       0.34363409834238384     
 -0.85929335222193903       0.26066378864236117     
 -0.88070513901241965       0.17518314416439149     
 -0.89363525387180887        8.8015390243270403E-002
 -0.89795917272569103        1.0996828266435228E-016
  0.87755101919174194        0.0000000000000000     
  0.87332537117524167        8.6015041394465905E-002
  0.86068912242611340       0.17120171091969849     
  0.83976396692748778       0.25473961438039938     
  0.81075142536567024       0.33582423609977879     
  0.77393090437576928       0.41367468684531594     
  0.72965700570306213       0.48754122421894608     
  0.67835611119434147       0.55671247308620442     
  0.62052227650764824       0.62052227650764813     
  0.55671247308620497       0.67835611119434225     
  0.48754122421894719       0.72965700570306358     
  0.41367468684531739       0.77393090437577161     
  0.33582423609978018       0.81075142536567357     
  0.25473961438040066       0.83976396692749211     
  0.17120171091969960       0.86068912242611861     
   8.6015041394466626E-002  0.87332537117524744     
   5.3734502337083623E-017  0.87755101919174860     
  -8.6015041394466654E-002  0.87332537117524889     
 -0.17120171091969999       0.86068912242612117     
 -0.25473961438040166       0.83976396692749589     
 -0.33582423609978207       0.81075142536567824     
 -0.41367468684532027       0.77393090437577727     
 -0.48754122421895102       0.72965700570306991     
 -0.55671247308621030       0.67835611119434880     
 -0.62052227650765479       0.62052227650765490     
 -0.67835611119434946       0.55671247308621086     
 -0.72965700570307146       0.48754122421895224     
 -0.77393090437577960       0.41367468684532172     
 -0.81075142536568157       0.33582423609978357     
 -0.83976396692749999       0.25473961438040310     
 -0.86068912242612627       0.17120171091970138     
 -0.87332537117525466        8.6015041394467404E-002
 -0.87755101919175527        1.0746900467416806E-016
  0.85714286565780629        0.0000000000000000     
  0.85301548847868769        8.4014692545662920E-002
  0.84067310583982024       0.16722027767500841     
  0.82023458163304896       0.24881544011844137     
  0.79189675001931925       0.32801437385717858     
  0.75593251980810539       0.40405434986477473     
  0.71268824619638982       0.47620306160459763     
  0.66258039517877754       0.54376567754209504     
  0.60609153275230621       0.60609153275230609     
  0.54376567754209559       0.66258039517877820     
  0.47620306160459874       0.71268824619639126     
  0.40405434986477617       0.75593251980810783     
  0.32801437385717996       0.79189675001932247     
  0.24881544011844262       0.82023458163305329     
  0.16722027767500949       0.84067310583982524     
   8.4014692545663641E-002  0.85301548847869335     
   5.2484863341991511E-017  0.85714286565781284     
  -8.4014692545663655E-002  0.85301548847869479     
 -0.16722027767500985       0.84067310583982768     
 -0.24881544011844359       0.82023458163305685     
 -0.32801437385718174       0.79189675001932713     
 -0.40405434986477895       0.75593251980811316     
 -0.47620306160460246       0.71268824619639748     
 -0.54376567754210081       0.66258039517878475     
 -0.60609153275231253       0.60609153275231265     
 -0.66258039517878531       0.54376567754210148     
 -0.71268824619639892       0.47620306160460363     
 -0.75593251980811560       0.40405434986478034     
 -0.79189675001933035       0.32801437385718324     
 -0.82023458163306096       0.24881544011844500     
 -0.84067310583983268       0.16722027767501121     
 -0.85301548847870046        8.4014692545664377E-002
 -0.85714286565781939        1.0496972668398382E-016
  0.83673471212387085        0.0000000000000000     
  0.83270560578213382        8.2014343696859934E-002
  0.82065708925352709       0.16323884443031836     
  0.80070519633861037       0.24289126585648335     
  0.77304207467296826       0.32020451161457841     
  0.73793413524044171       0.39443401288423358     
  0.69571948668971750       0.46486489899024924     
  0.64680467916321371       0.53081888199798577     
  0.59166078899696406       0.59166078899696395     
  0.53081888199798632       0.64680467916321438     
  0.46486489899025035       0.69571948668971906     
  0.39443401288423496       0.73793413524044393     
  0.32020451161457975       0.77304207467297148     
  0.24289126585648460       0.80070519633861448     
  0.16323884443031939       0.82065708925353198     
   8.2014343696860642E-002  0.83270560578213948     
   5.1235224346899411E-017  0.83673471212387718     
  -8.2014343696860656E-002  0.83270560578214081     
 -0.16323884443031977       0.82065708925353442     
 -0.24289126585648552       0.80070519633861803     
 -0.32020451161458152       0.77304207467297592     
 -0.39443401288423774       0.73793413524044926     
 -0.46486489899025396       0.69571948668972505     
 -0.53081888199799143       0.64680467916322071     
 -0.59166078899697039       0.59166078899697050     
 -0.64680467916322126       0.53081888199799199     
 -0.69571948668972650       0.46486489899025513     
 -0.73793413524045159       0.39443401288423907     
 -0.77304207467297914       0.32020451161458291     
 -0.80070519633862192       0.24289126585648696     
 -0.82065708925353931       0.16323884443032108     
 -0.83270560578214636        8.2014343696861378E-002
 -0.83673471212388351        1.0247044869379960E-016
  0.81632655858993530        0.0000000000000000     
  0.81239572308557995        8.0013994848056963E-002
  0.80064107266723394       0.15925741118562828     
  0.78117581104417166       0.23696709159452539     
  0.75418739932661738       0.31239464937197819     
  0.71993575067277804       0.38481367590369248     
  0.67875072718304530       0.45352673637590085     
  0.63102896314764989       0.51787208645387661     
  0.57723004524162203       0.57723004524162203     
  0.51787208645387717       0.63102896314765056     
  0.45352673637590196       0.67875072718304674     
  0.38481367590369375       0.71993575067278015     
  0.31239464937197953       0.75418739932662049     
  0.23696709159452659       0.78117581104417566     
  0.15925741118562933       0.80064107266723872     
   8.0013994848057657E-002  0.81239572308558550     
   4.9985585351807311E-017  0.81632655858994152     
  -8.0013994848057657E-002  0.81239572308558672     
 -0.15925741118562967       0.80064107266724116     
 -0.23696709159452750       0.78117581104417910     
 -0.31239464937198125       0.75418739932662493     
 -0.38481367590369642       0.71993575067278537     
 -0.45352673637590551       0.67875072718305274     
 -0.51787208645388205       0.63102896314765666     
 -0.57723004524162824       0.57723004524162824     
 -0.63102896314765722       0.51787208645388261     
 -0.67875072718305407       0.45352673637590663     
 -0.71993575067278748       0.38481367590369775     
 -0.75418739932662804       0.31239464937198269     
 -0.78117581104418299       0.23696709159452886     
 -0.80064107266724593       0.15925741118563097     
 -0.81239572308559216        8.0013994848058365E-002
 -0.81632655858994774        9.9971170703615387E-017
  0.79591834545135498        0.0000000000000000     
  0.79208578107139394        7.8013640156977163E-002
  0.78062499762158255       0.15527596631264884     
  0.76164636871164393       0.23104290003025232     
  0.73533266891275506       0.30458476431966797     
  0.70193731353851041       0.37519331082571616     
  0.66178191811692211       0.44218854064698604     
  0.61525320105707249       0.50492525309698078     
  0.56279925933943153       0.56279925933943142     
  0.50492525309698133       0.61525320105707304     
  0.44218854064698704       0.66178191811692355     
  0.37519331082571750       0.70193731353851241     
  0.30458476431966924       0.73533266891275806     
  0.23104290003025349       0.76164636871164793     
  0.15527596631264987       0.78062499762158721     
   7.8013640156977815E-002  0.79208578107139926     
   4.8735942706983329E-017  0.79591834545136098     
  -7.8013640156977829E-002  0.79208578107140049     
 -0.15527596631265020       0.78062499762158943     
 -0.23104290003025435       0.76164636871165126     
 -0.30458476431967091       0.73533266891276228     
 -0.37519331082572005       0.70193731353851763     
 -0.44218854064699054       0.66178191811692932     
 -0.50492525309698610       0.61525320105707915     
 -0.56279925933943742       0.56279925933943753     
 -0.61525320105707970       0.50492525309698677     
 -0.66178191811693066       0.44218854064699159     
 -0.70193731353851962       0.37519331082572138     
 -0.73533266891276527       0.30458476431967230     
 -0.76164636871165503       0.23104290003025571     
 -0.78062499762159410       0.15527596631265148     
 -0.79208578107140581        7.8013640156978509E-002
 -0.79591834545136697        9.7471885413967397E-017
  0.77551019191741943        0.0000000000000000     
  0.77177589837484006        7.6013291308174177E-002
  0.76060898103528940       0.15129453306795879     
  0.74211698341720522       0.22511872576829431     
  0.71647799356640418       0.29677490207706775     
  0.68393892897084663       0.36557297384517501     
  0.64481315861025001       0.43085037803263765     
  0.59947748504150855       0.49197845755287156     
  0.54836851558408950       0.54836851558408939     
  0.49197845755287206       0.59947748504150922     
  0.43085037803263865       0.64481315861025146     
  0.36557297384517629       0.68393892897084874     
  0.29677490207706902       0.71647799356640707     
  0.22511872576829545       0.74211698341720911     
  0.15129453306795976       0.76060898103529395     
   7.6013291308174830E-002  0.77177589837484528     
   4.7486303711891223E-017  0.77551019191742532     
  -7.6013291308174843E-002  0.77177589837484650     
 -0.15129453306796009       0.76060898103529617     
 -0.22511872576829631       0.74211698341721244     
 -0.29677490207707069       0.71647799356641129     
 -0.36557297384517884       0.68393892897085362     
 -0.43085037803264203       0.64481315861025701     
 -0.49197845755287672       0.59947748504151510     
 -0.54836851558409527       0.54836851558409538     
 -0.59947748504151566       0.49197845755287734     
 -0.64481315861025823       0.43085037803264309     
 -0.68393892897085573       0.36557297384518006     
 -0.71647799356641417       0.29677490207707202     
 -0.74211698341721610       0.22511872576829764     
 -0.76060898103530072       0.15129453306796134     
 -0.77177589837485172        7.6013291308175496E-002
 -0.77551019191743120        9.4972607423783173E-017
  0.75510203838348378        0.0000000000000000     
  0.75146601567828619        7.4012942459371192E-002
  0.74059296444899614       0.14731309982326871     
  0.72258759812276652       0.21919455150633632     
  0.69762331822005308       0.28896503983446753     
  0.66594054440318273       0.35595263686463380     
  0.62784439910357770       0.41951221541828920     
  0.58370176902594462       0.47903166200876218     
  0.53393777182874735       0.53393777182874724     
  0.47903166200876274       0.58370176902594528     
  0.41951221541829020       0.62784439910357903     
  0.35595263686463502       0.66594054440318484     
  0.28896503983446875       0.69762331822005597     
  0.21919455150633743       0.72258759812277029     
  0.14731309982326965       0.74059296444900058     
   7.4012942459371817E-002  0.75146601567829119     
   4.6236664716799117E-017  0.75510203838348955     
  -7.4012942459371844E-002  0.75146601567829241     
 -0.14731309982326998       0.74059296444900280     
 -0.21919455150633824       0.72258759812277340     
 -0.28896503983447036       0.69762331822005996     
 -0.35595263686463752       0.66594054440318962     
 -0.41951221541829348       0.62784439910358447     
 -0.47903166200876729       0.58370176902595095     
 -0.53393777182875302       0.53393777182875313     
 -0.58370176902595150       0.47903166200876784     
 -0.62784439910358580       0.41951221541829453     
 -0.66594054440319161       0.35595263686463874     
 -0.69762331822006285       0.28896503983447169     
 -0.72258759812277695       0.21919455150633951     
 -0.74059296444900724       0.14731309982327120     
 -0.75146601567829741        7.4012942459372469E-002
 -0.75510203838349532        9.2473329433598936E-017
  0.73469388484954834        0.0000000000000000     
  0.73115613298173221        7.2012593610568221E-002
  0.72057694786270310       0.14333166657857865     
  0.70305821282832781       0.21327037724437831     
  0.67876864287370220       0.28115517759186731     
  0.64794215983551906       0.34633229988409264     
  0.61087563959690550       0.40817405280394087     
  0.56792605301038079       0.46608486646465297     
  0.51950702807340532       0.51950702807340521     
  0.46608486646465347       0.56792605301038135     
  0.40817405280394181       0.61087563959690683     
  0.34633229988409386       0.64794215983552095     
  0.28115517759186853       0.67876864287370497     
  0.21327037724437939       0.70305821282833136     
  0.14333166657857954       0.72057694786270732     
   7.2012593610568831E-002  0.73115613298173721     
   4.4987025721707011E-017  0.73469388484955389     
  -7.2012593610568845E-002  0.73115613298173832     
 -0.14333166657857990       0.72057694786270954     
 -0.21327037724438022       0.70305821282833447     
 -0.28115517759187009       0.67876864287370897     
 -0.34633229988409625       0.64794215983552572     
 -0.40817405280394498       0.61087563959691216     
 -0.46608486646465785       0.56792605301038701     
 -0.51950702807341076       0.51950702807341087     
 -0.56792605301038745       0.46608486646465841     
 -0.61087563959691338       0.40817405280394597     
 -0.64794215983552761       0.34633229988409747     
 -0.67876864287371175       0.28115517759187142     
 -0.70305821282833802       0.21327037724438147     
 -0.72057694786271376       0.14333166657858104     
 -0.73115613298174331        7.2012593610569470E-002
 -0.73469388484955944        8.9974051443414700E-017
  0.71428573131561279        0.0000000000000000     
  0.71084625028517845        7.0012244761765249E-002
  0.70056093127640995       0.13935023333388860     
  0.68352882753388899       0.20734620298242035     
  0.65991396752735132       0.27334531534926715     
  0.62994377526785528       0.33671196290355149     
  0.59390688009023329       0.39683589018959248     
  0.55215033699481697       0.45313807092054365     
  0.50507628431806328       0.50507628431806328     
  0.45313807092054414       0.55215033699481753     
  0.39683589018959337       0.59390688009023451     
  0.33671196290355265       0.62994377526785716     
  0.27334531534926837       0.65991396752735410     
  0.20734620298242140       0.68352882753389255     
  0.13935023333388949       0.70056093127641417     
   7.0012244761765832E-002  0.71084625028518322     
   4.3737386726614911E-017  0.71428573131561823     
  -7.0012244761765860E-002  0.71084625028518433     
 -0.13935023333388977       0.70056093127641617     
 -0.20734620298242218       0.68352882753389566     
 -0.27334531534926981       0.65991396752735787     
 -0.33671196290355498       0.62994377526786172     
 -0.39683589018959647       0.59390688009023984     
 -0.45313807092054842       0.55215033699482297     
 -0.50507628431806861       0.50507628431806861     
 -0.55215033699482341       0.45313807092054897     
 -0.59390688009024095       0.39683589018959747     
 -0.62994377526786360       0.33671196290355621     
 -0.65991396752736065       0.27334531534927109     
 -0.68352882753389899       0.20734620298242337     
 -0.70056093127642038       0.13935023333389090     
 -0.71084625028518911        7.0012244761766457E-002
 -0.71428573131562367        8.7474773453230488E-017
  0.69387757778167725        0.0000000000000000     
  0.69053636758862447        6.8011895912962264E-002
  0.68054491469011669       0.13536880008919852     
  0.66399944223945029       0.20142202872046230     
  0.64105929218100033       0.26553545310666693     
  0.61194539070019138       0.32709162592301033     
  0.57693812058356098       0.38549772757524403     
  0.53637462097925304       0.44019127537643438     
  0.49064554056272119       0.49064554056272108     
  0.44019127537643482       0.53637462097925359     
  0.38549772757524492       0.57693812058356220     
  0.32709162592301144       0.61194539070019316     
  0.26553545310666804       0.64105929218100288     
  0.20142202872046333       0.66399944223945373     
  0.13536880008919938       0.68054491469012079     
   6.8011895912962833E-002  0.69053636758862913     
   4.2487747731522799E-017  0.69387757778168246     
  -6.8011895912962861E-002  0.69053636758863024     
 -0.13536880008919966       0.68054491469012279     
 -0.20142202872046411       0.66399944223945662     
 -0.26553545310666954       0.64105929218100666     
 -0.32709162592301366       0.61194539070019771     
 -0.38549772757524792       0.57693812058356730     
 -0.44019127537643893       0.53637462097925881     
 -0.49064554056272636       0.49064554056272647     
 -0.53637462097925925       0.44019127537643954     
 -0.57693812058356841       0.38549772757524892     
 -0.61194539070019949       0.32709162592301477     
 -0.64105929218100932       0.26553545310667076     
 -0.66399944223945984       0.20142202872046527     
 -0.68054491469012690       0.13536880008920077     
 -0.69053636758863490        6.8011895912963444E-002
 -0.69387757778168768        8.4975495463046240E-017
  0.67346936464309692        0.0000000000000000     
  0.67022642557443857        6.6011541221882450E-002
  0.66052883964446540       0.13138735521621911     
  0.64446999990692277       0.19549783715618926     
  0.62220456176713812       0.25772556805435670     
  0.59394695356592386       0.31747126084503408     
  0.55996931151743801       0.37415953184632922     
  0.52059885888867574       0.42724444201953871     
  0.47621475466053059       0.47621475466053054     
  0.42724444201953915       0.52059885888867619     
  0.37415953184633016       0.55996931151743923     
  0.31747126084503519       0.59394695356592575     
  0.25772556805435781       0.62220456176714067     
  0.19549783715619026       0.64446999990692611     
  0.13138735521621994       0.66052883964446929     
   6.6011541221883019E-002  0.67022642557444312     
   4.1238105086698829E-017  0.67346936464310203     
  -6.6011541221883033E-002  0.67022642557444423     
 -0.13138735521622022       0.66052883964447129     
 -0.19549783715619101       0.64446999990692899     
 -0.25772556805435926       0.62220456176714423     
 -0.31747126084503741       0.59394695356592997     
 -0.37415953184633310       0.55996931151744400     
 -0.42724444201954320       0.52059885888868140     
 -0.47621475466053564       0.47621475466053570     
 -0.52059885888868185       0.42724444201954370     
 -0.55996931151744511       0.37415953184633399     
 -0.59394695356593186       0.31747126084503846     
 -0.62220456176714678       0.25772556805436042     
 -0.64446999990693210       0.19549783715619212     
 -0.66052883964447517       0.13138735521622127     
 -0.67022642557444867        6.6011541221883602E-002
 -0.67346936464310714        8.2476210173398286E-017
  0.65306121110916127        0.0000000000000000     
  0.64991654287788458        6.4011192373079465E-002
  0.64051282305817214       0.12740592197152900     
  0.62494061461248396       0.18957366289423122     
  0.60334988642078702       0.24991570581175651     
  0.57594856899826008       0.30785092386449286     
  0.54300055201076569       0.36282136923198083     
  0.50482314287311170       0.41429764647542933     
  0.46178401090518850       0.46178401090518839     
  0.41429764647542977       0.50482314287311225     
  0.36282136923198161       0.54300055201076680     
  0.30785092386449392       0.57594856899826175     
  0.24991570581175757       0.60334988642078946     
  0.18957366289423219       0.62494061461248718     
  0.12740592197152981       0.64051282305817603     
   6.4011192373080020E-002  0.64991654287788903     
   3.9988466091606717E-017  0.65306121110916626     
  -6.4011192373080020E-002  0.64991654287788991     
 -0.12740592197153011       0.64051282305817792     
 -0.18957366289423291       0.62494061461248984     
 -0.24991570581175893       0.60334988642079301     
 -0.30785092386449608       0.57594856899826607     
 -0.36282136923198455       0.54300055201077158     
 -0.41429764647543371       0.50482314287311725     
 -0.46178401090519339       0.46178401090519350     
 -0.50482314287311769       0.41429764647543421     
 -0.54300055201077269       0.36282136923198538     
 -0.57594856899826774       0.30785092386449714     
 -0.60334988642079546       0.24991570581176006     
 -0.62494061461249306       0.18957366289423405     
 -0.64051282305818169       0.12740592197153114     
 -0.64991654287789435        6.4011192373080589E-002
 -0.65306121110917126        7.9976932183214037E-017
  0.63265305757522583        0.0000000000000000     
  0.62960666018133071        6.2010843524276493E-002
  0.62049680647187899       0.12342448872683895     
  0.60541122931804514       0.18364948863227326     
  0.58449521107443614       0.24210584356915632     
  0.55795018443059630       0.29823058688395171     
  0.52603179250409349       0.35148320661763244     
  0.48904742685754787       0.40135085093132011     
  0.44735326714984647       0.44735326714984641     
  0.40135085093132050       0.48904742685754843     
  0.35148320661763321       0.52603179250409460     
  0.29823058688395276       0.55795018443059796     
  0.24210584356915735       0.58449521107443858     
  0.18364948863227418       0.60541122931804836     
  0.12342448872683974       0.62049680647188277     
   6.2010843524277021E-002  0.62960666018133504     
   3.8738827096514617E-017  0.63265305757523060     
  -6.2010843524277034E-002  0.62960666018133593     
 -0.12342448872684000       0.62049680647188454     
 -0.18364948863227490       0.60541122931805103     
 -0.24210584356915868       0.58449521107444191     
 -0.29823058688395482       0.55795018443060207     
 -0.35148320661763599       0.52603179250409915     
 -0.40135085093132433       0.48904742685755320     
 -0.44735326714985119       0.44735326714985124     
 -0.48904742685755365       0.40135085093132478     
 -0.52603179250410026       0.35148320661763688     
 -0.55795018443060374       0.29823058688395587     
 -0.58449521107444435       0.24210584356915976     
 -0.60541122931805402       0.18364948863227595     
 -0.62049680647188832       0.12342448872684100     
 -0.62960666018134026        6.2010843524277576E-002
 -0.63265305757523538        7.7477654193029826E-017
  0.61224490404129028        0.0000000000000000     
  0.60929677748477695        6.0010494675473522E-002
  0.60048078988558595       0.11944305548214888     
  0.58588184402360655       0.17772531437031525     
  0.56564053572808515       0.23429598132655613     
  0.53995179986293251       0.28861024990341055     
  0.50906303299742128       0.34014504400328405     
  0.47327171084198405       0.38840405538721079     
  0.43292252339450443       0.43292252339450438     
  0.38840405538721118       0.47327171084198455     
  0.34014504400328482       0.50906303299742239     
  0.28861024990341155       0.53995179986293418     
  0.23429598132655716       0.56564053572808748     
  0.17772531437031616       0.58588184402360954     
  0.11944305548214965       0.60048078988558951     
   6.0010494675474035E-002  0.60929677748478106     
   3.7489188101422511E-017  0.61224490404129495     
  -6.0010494675474049E-002  0.60929677748478195     
 -0.11944305548214991       0.60048078988559128     
 -0.17772531437031686       0.58588184402361221     
 -0.23429598132655843       0.56564053572809081     
 -0.28861024990341361       0.53995179986293806     
 -0.34014504400328749       0.50906303299742672     
 -0.38840405538721490       0.47327171084198916     
 -0.43292252339450904       0.43292252339450910     
 -0.47327171084198960       0.38840405538721534     
 -0.50906303299742783       0.34014504400328838     
 -0.53995179986293973       0.28861024990341455     
 -0.56564053572809314       0.23429598132655949     
 -0.58588184402361498       0.17772531437031791     
 -0.60048078988559483       0.11944305548215088     
 -0.60929677748478606        6.0010494675474563E-002
 -0.61224490404129961        7.4978376202845589E-017
  0.59183675050735474        0.0000000000000000     
  0.58898689478822297        5.8010145826670537E-002
  0.58046477329929269       0.11546162223745879     
  0.56635245872916773       0.17180114010835726     
  0.54678586038173416       0.22648611908395591     
  0.52195341529526873       0.27898991292286934     
  0.49209427349074902       0.32880688138893566     
  0.45749599482642012       0.37545725984310147     
  0.41849177963916234       0.41849177963916229     
  0.37545725984310185       0.45749599482642056     
  0.32880688138893638       0.49209427349075008     
  0.27898991292287034       0.52195341529527017     
  0.22648611908395685       0.54678586038173649     
  0.17180114010835812       0.56635245872917062     
  0.11546162223745954       0.58046477329929613     
   5.8010145826671029E-002  0.58898689478822697     
   3.6239549106330405E-017  0.59183675050735918     
  -5.8010145826671036E-002  0.58898689478822785     
 -0.11546162223745979       0.58046477329929791     
 -0.17180114010835879       0.56635245872917306     
 -0.22648611908395813       0.54678586038173960     
 -0.27898991292287223       0.52195341529527406     
 -0.32880688138893893       0.49209427349075430     
 -0.37545725984310546       0.45749599482642506     
 -0.41849177963916678       0.41849177963916684     
 -0.45749599482642545       0.37545725984310591     
 -0.49209427349075530       0.32880688138893976     
 -0.52195341529527561       0.27898991292287323     
 -0.54678586038174193       0.22648611908395916     
 -0.56635245872917594       0.17180114010835978     
 -0.58046477329930135       0.11546162223746073     
 -0.58898689478823185        5.8010145826671543E-002
 -0.59183675050736362        7.2479098212661365E-017
  0.57142859697341919        0.0000000000000000     
  0.56867701209166910        5.6009796977867558E-002
  0.56044875671299954       0.11148018899276874     
  0.54682307343472891       0.16587696584639927     
  0.52793118503538339       0.21867625684135575     
  0.50395503072760495       0.26936957594232824     
  0.47512551398407682       0.31746871877458727     
  0.44172027881085624       0.36251046429899220     
  0.40406103588382031       0.40406103588382025     
  0.36251046429899259       0.44172027881085674     
  0.31746871877458799       0.47512551398407782     
  0.26936957594232913       0.50395503072760639     
  0.21867625684135666       0.52793118503538550     
  0.16587696584640010       0.54682307343473180     
  0.11148018899276944       0.56044875671300298     
   5.6009796977868037E-002  0.56867701209167298     
   3.4989910111238300E-017  0.57142859697342352     
  -5.6009796977868051E-002  0.56867701209167387     
 -0.11148018899276969       0.56044875671300465     
 -0.16587696584640074       0.54682307343473424     
 -0.21867625684135789       0.52793118503538861     
 -0.26936957594233096       0.50395503072761005     
 -0.31746871877459043       0.47512551398408193     
 -0.36251046429899603       0.44172027881086101     
 -0.40406103588382458       0.40406103588382464     
 -0.44172027881086146       0.36251046429899642     
 -0.47512551398408287       0.31746871877459126     
 -0.50395503072761150       0.26936957594233196     
 -0.52793118503539072       0.21867625684135886     
 -0.54682307343473691       0.16587696584640171     
 -0.56044875671300798       0.11148018899277060     
 -0.56867701209167776        5.6009796977868530E-002
 -0.57142859697342785        6.9979820222477129E-017
  0.55102038383483876        0.0000000000000000     
  0.54836707007748309        5.4009442286787744E-002
  0.54043268166734815       0.10749874411978930     
  0.52729363110220140       0.15995277428212618     
  0.50907645462152096       0.21086637178904546     
  0.48595659359333732       0.25974921086435193     
  0.45815670491795368       0.30613052304567240     
  0.42594451672027883       0.34956363094209647     
  0.38963024998162965       0.38963024998162960     
  0.34956363094209686       0.42594451672027928     
  0.30613052304567312       0.45815670491795463     
  0.25974921086435282       0.48595659359333881     
  0.21086637178904635       0.50907645462152307     
  0.15995277428212698       0.52729363110220417     
  0.10749874411978999       0.54043268166735137     
   5.4009442286788202E-002  0.54836707007748675     
   3.3740267466414323E-017  0.55102038383484298     
  -5.4009442286788216E-002  0.54836707007748764     
 -0.10749874411979024       0.54043268166735292     
 -0.15995277428212762       0.52729363110220651     
 -0.21086637178904752       0.50907645462152595     
 -0.25974921086435465       0.48595659359334231     
 -0.30613052304567551       0.45815670491795862     
 -0.34956363094210013       0.42594451672028344     
 -0.38963024998163381       0.38963024998163387     
 -0.42594451672028383       0.34956363094210058     
 -0.45815670491795951       0.30613052304567628     
 -0.48595659359334381       0.25974921086435554     
 -0.50907645462152806       0.21086637178904846     
 -0.52729363110220906       0.15995277428212853     
 -0.54043268166735614       0.10749874411979111     
 -0.54836707007749130        5.4009442286788681E-002
 -0.55102038383484719        6.7480534932829163E-017
  0.53061223030090332        0.0000000000000000     
  0.52805718738092922        5.2009093437984766E-002
  0.52041666508105500       0.10351731087509923     
  0.50776424580776269       0.15402860002016822     
  0.49022177927517002       0.20305650954644530     
  0.46795820902567364       0.25012887388381078     
  0.44118794541128148       0.29479236043132406     
  0.41016880070471501       0.33661683539798720     
  0.37519950622628767       0.37519950622628762     
  0.33661683539798759       0.41016880070471540     
  0.29479236043132473       0.44118794541128242     
  0.25012887388381166       0.46795820902567503     
  0.20305650954644616       0.49022177927517202     
  0.15402860002016899       0.50776424580776536     
  0.10351731087509990       0.52041666508105811     
   5.2009093437985217E-002  0.52805718738093288     
   3.2490628471322217E-017  0.53061223030090732     
  -5.2009093437985224E-002  0.52805718738093366     
 -0.10351731087510013       0.52041666508105966     
 -0.15402860002016958       0.50776424580776758     
 -0.20305650954644727       0.49022177927517491     
 -0.25012887388381339       0.46795820902567842     
 -0.29479236043132701       0.44118794541128625     
 -0.33661683539799075       0.41016880070471945     
 -0.37519950622629161       0.37519950622629167     
 -0.41016880070471978       0.33661683539799120     
 -0.44118794541128709       0.29479236043132778     
 -0.46795820902567986       0.25012887388381422     
 -0.49022177927517691       0.20305650954644819     
 -0.50776424580777002       0.15402860002017046     
 -0.52041666508106277       0.10351731087510098     
 -0.52805718738093721        5.2009093437985675E-002
 -0.53061223030091131        6.4981256942644927E-017
  0.51020407676696777        0.0000000000000000     
  0.50774730468437534        5.0008744589181794E-002
  0.50040064849476185        9.9535877630409178E-002
  0.48823486051332393       0.14810442575821020     
  0.47136710392881909       0.19524664730384511     
  0.44995982445800986       0.24050853690326962     
  0.42421918590460928       0.28345419781697567     
  0.39439308468915107       0.32367003985387799     
  0.36076876247094558       0.36076876247094553     
  0.32367003985387832       0.39439308468915152     
  0.28345419781697634       0.42421918590461016     
  0.24050853690327045       0.44995982445801119     
  0.19524664730384594       0.47136710392882103     
  0.14810442575821095       0.48823486051332649     
   9.9535877630409803E-002  0.50040064849476484     
   5.0008744589182225E-002  0.50774730468437890     
   3.1240989476230117E-017  0.51020407676697166     
  -5.0008744589182225E-002  0.50774730468437956     
  -9.9535877630410038E-002  0.50040064849476640     
 -0.14810442575821153       0.48823486051332859     
 -0.19524664730384703       0.47136710392882381     
 -0.24050853690327212       0.44995982445801447     
 -0.28345419781697856       0.42421918590461383     
 -0.32367003985388132       0.39439308468915535     
 -0.36076876247094941       0.36076876247094947     
 -0.39439308468915574       0.32367003985388176     
 -0.42421918590461466       0.28345419781697923     
 -0.44995982445801580       0.24050853690327295     
 -0.47136710392882575       0.19524664730384789     
 -0.48823486051333104       0.14810442575821239     
 -0.50040064849476940        9.9535877630410843E-002
 -0.50774730468438312        5.0008744589182662E-002
 -0.51020407676697554        6.2481978952460703E-017
  0.48979592323303223        0.0000000000000000     
  0.48743742198782158        4.8008395740378816E-002
  0.48038463190846875        9.5554444385719112E-002
  0.46870547521888523       0.14218025149625221     
  0.45251242858246815       0.18743678506124492     
  0.43196143989034602       0.23088819992272844     
  0.40725042639793707       0.27211603520262723     
  0.37861736867358720       0.31072324430976861     
  0.34633801871560355       0.34633801871560349     
  0.31072324430976894       0.37861736867358758     
  0.27211603520262784       0.40725042639793790     
  0.23088819992272924       0.43196143989034730     
  0.18743678506124570       0.45251242858246998     
  0.14218025149625294       0.46870547521888761     
   9.5554444385719722E-002  0.48038463190847158     
   4.8008395740379226E-002  0.48743742198782486     
   2.9991350481138011E-017  0.48979592323303595     
  -4.8008395740379232E-002  0.48743742198782564     
  -9.5554444385719930E-002  0.48038463190847303     
 -0.14218025149625346       0.46870547521888972     
 -0.18743678506124675       0.45251242858247265     
 -0.23088819992273085       0.43196143989035046     
 -0.27211603520263000       0.40725042639794146     
 -0.31072324430977188       0.37861736867359130     
 -0.34633801871560721       0.34633801871560727     
 -0.37861736867359164       0.31072324430977227     
 -0.40725042639794223       0.27211603520263067     
 -0.43196143989035174       0.23088819992273166     
 -0.45251242858247448       0.18743678506124758     
 -0.46870547521889200       0.14218025149625430     
 -0.48038463190847586        9.5554444385720694E-002
 -0.48743742198782886        4.8008395740379649E-002
 -0.48979592323303967        5.9982700962276479E-017
  0.46938776969909668        0.0000000000000000     
  0.46712753929126766        4.6008046891575838E-002
  0.46036861532217555        9.1573011141029032E-002
  0.44917608992444641       0.13625607723429420     
  0.43365775323611722       0.17962692281864470     
  0.41396305532268218       0.22126786294218728     
  0.39028166689126481       0.26077787258827884     
  0.36284165265802332       0.29777644876565934     
  0.33190727496026146       0.33190727496026140     
  0.29777644876565962       0.36284165265802371     
  0.26077787258827945       0.39028166689126559     
  0.22126786294218803       0.41396305532268340     
  0.17962692281864545       0.43365775323611899     
  0.13625607723429489       0.44917608992444874     
   9.1573011141029614E-002  0.46036861532217832     
   4.6008046891576226E-002  0.46712753929127082     
   2.8741711486045906E-017  0.46938776969910023     
  -4.6008046891576233E-002  0.46712753929127154     
  -9.1573011141029823E-002  0.46036861532217965     
 -0.13625607723429542       0.44917608992445074     
 -0.17962692281864645       0.43365775323612155     
 -0.22126786294218959       0.41396305532268646     
 -0.26077787258828150       0.39028166689126903     
 -0.29777644876566245       0.36284165265802726     
 -0.33190727496026495       0.33190727496026501     
 -0.36284165265802754       0.29777644876566284     
 -0.39028166689126975       0.26077787258828217     
 -0.41396305532268768       0.22126786294219031     
 -0.43365775323612332       0.17962692281864726     
 -0.44917608992445296       0.13625607723429622     
 -0.46036861532218243        9.1573011141030558E-002
 -0.46712753929127471        4.6008046891576636E-002
 -0.46938776969910379        5.7483422972092243E-017
  0.44897958636283875        0.0000000000000000     
  0.44681762693589772        4.4007695121634438E-002
  0.44035256950620327        8.7591572082194286E-002
  0.42964667611096330       0.13033189432117867     
  0.41480305035601062       0.17181704917118948     
  0.39596464447171653       0.21164751191292855     
  0.37331288260486717       0.24943969341664723     
  0.34706591360495265       0.28482963431515684     
  0.31747651013149514       0.31747651013149508     
  0.28482963431515712       0.34706591360495304     
  0.24943969341664779       0.37331288260486795     
  0.21164751191292930       0.39596464447171775     
  0.17181704917119020       0.41480305035601228     
  0.13033189432117934       0.42964667611096552     
   8.7591572082194841E-002  0.44035256950620588     
   4.4007695121634813E-002  0.44681762693590071     
   2.7492070666087861E-017  0.44897958636284213     
  -4.4007695121634827E-002  0.44681762693590144     
  -8.7591572082195035E-002  0.44035256950620721     
 -0.13033189432117984       0.42964667611096741     
 -0.17181704917119117       0.41480305035601472     
 -0.21164751191293074       0.39596464447172064     
 -0.24943969341664976       0.37331288260487111     
 -0.28482963431515984       0.34706591360495642     
 -0.31747651013149852       0.31747651013149858     
 -0.34706591360495676       0.28482963431516017     
 -0.37331288260487189       0.24943969341665040     
 -0.39596464447172181       0.21164751191293149     
 -0.41480305035601639       0.17181704917119192     
 -0.42964667611096952       0.13033189432118059     
 -0.44035256950620982        8.7591572082195743E-002
 -0.44681762693590443        4.4007695121635201E-002
 -0.44897958636284552        5.4984141332176142E-017
  0.42857143282890314        0.0000000000000000     
  0.42650774423934384        4.2007346272831460E-002
  0.42033655291991012        8.3610138837504205E-002
  0.41011729081652448       0.12440772005922068     
  0.39594837500965963       0.16400718692858929     
  0.37796625990405269       0.20202717493238737     
  0.35634412309819491       0.23810153080229882     
  0.33129019758938877       0.27188283877104752     
  0.30304576637615310       0.30304576637615305     
  0.27188283877104780       0.33129019758938910     
  0.23810153080229937       0.35634412309819563     
  0.20202717493238809       0.37796625990405391     
  0.16400718692858998       0.39594837500966124     
  0.12440772005922131       0.41011729081652665     
   8.3610138837504747E-002  0.42033655291991262     
   4.2007346272831821E-002  0.42650774423934668     
   2.6242431670995755E-017  0.42857143282890642     
  -4.2007346272831828E-002  0.42650774423934740     
  -8.3610138837504927E-002  0.42033655291991384     
 -0.12440772005922179       0.41011729081652842     
 -0.16400718692859087       0.39594837500966357     
 -0.20202717493238947       0.37796625990405658     
 -0.23810153080230123       0.35634412309819874     
 -0.27188283877105041       0.33129019758939238     
 -0.30304576637615627       0.30304576637615632     
 -0.33129019758939265       0.27188283877105074     
 -0.35634412309819946       0.23810153080230181     
 -0.37796625990405780       0.20202717493239017     
 -0.39594837500966518       0.16400718692859162     
 -0.41011729081653048       0.12440772005922250     
 -0.42033655291991634        8.3610138837505607E-002
 -0.42650774423935023        4.2007346272832188E-002
 -0.42857143282890969        5.2484863341991911E-017
  0.40816327929496765        0.0000000000000000     
  0.40619786154278997        4.0006997424028481E-002
  0.40032053633361697        7.9628705592814139E-002
  0.39058790552208583       0.11848354579726270     
  0.37709369966330869       0.15619732468598910     
  0.35996787533638902       0.19240683795184624     
  0.33937536359152265       0.22676336818795043     
  0.31551448157382495       0.25893604322693831     
  0.28861502262081101       0.28861502262081101     
  0.25893604322693858       0.31551448157382528     
  0.22676336818795098       0.33937536359152337     
  0.19240683795184688       0.35996787533639008     
  0.15619732468598976       0.37709369966331024     
  0.11848354579726329       0.39058790552208783     
   7.9628705592814666E-002  0.40032053633361936     
   4.0006997424028828E-002  0.40619786154279275     
   2.4992792675903656E-017  0.40816327929497076     
  -4.0006997424028828E-002  0.40619786154279336     
  -7.9628705592814833E-002  0.40032053633362058     
 -0.11848354579726375       0.39058790552208955     
 -0.15619732468599062       0.37709369966331246     
 -0.19240683795184821       0.35996787533639268     
 -0.22676336818795276       0.33937536359152637     
 -0.25893604322694103       0.31551448157382833     
 -0.28861502262081412       0.28861502262081412     
 -0.31551448157382861       0.25893604322694130     
 -0.33937536359152704       0.22676336818795331     
 -0.35996787533639374       0.19240683795184887     
 -0.37709369966331402       0.15619732468599135     
 -0.39058790552209149       0.11848354579726443     
 -0.40032053633362297        7.9628705592815485E-002
 -0.40619786154279608        4.0006997424029182E-002
 -0.40816327929497387        4.9985585351807694E-017
  0.38775509595870972        0.0000000000000000     
  0.38588794918742003        3.8006645654087089E-002
  0.38030449051764470        7.5647266533979393E-002
  0.37105849170860261       0.11255936288414715     
  0.35823899678320209       0.14838745103853387     
  0.34196946448542331       0.18278648692258750     
  0.32240657930512501       0.21542518901631882     
  0.29973874252075428       0.24598922877643578     
  0.27418425779204475       0.27418425779204469     
  0.24598922877643603       0.29973874252075461     
  0.21542518901631932       0.32240657930512573     
  0.18278648692258814       0.34196946448542437     
  0.14838745103853451       0.35823899678320353     
  0.11255936288414772       0.37105849170860455     
   7.5647266533979879E-002  0.38030449051764698     
   3.8006645654087415E-002  0.38588794918742264     
   2.3743151855945611E-017  0.38775509595871266     
  -3.8006645654087422E-002  0.38588794918742325     
  -7.5647266533980045E-002  0.38030449051764809     
 -0.11255936288414815       0.37105849170860622     
 -0.14838745103853535       0.35823899678320564     
 -0.18278648692258942       0.34196946448542681     
 -0.21542518901632102       0.32240657930512850     
 -0.24598922877643836       0.29973874252075755     
 -0.27418425779204764       0.27418425779204769     
 -0.29973874252075783       0.24598922877643867     
 -0.32240657930512912       0.21542518901632154     
 -0.34196946448542787       0.18278648692259003     
 -0.35823899678320709       0.14838745103853601     
 -0.37105849170860805       0.11255936288414882     
 -0.38030449051765036        7.5647266533980670E-002
 -0.38588794918742586        3.8006645654087748E-002
 -0.38775509595871560        4.7486303711891586E-017
  0.36734694242477417        0.0000000000000000     
  0.36557806649086610        3.6006296805284110E-002
  0.36028847393135155        7.1665833289289327E-002
  0.35152910641416391       0.10663518862218915     
  0.33938432143685110       0.14057758879593366     
  0.32397107991775953       0.17316614994204632     
  0.30543781979845275       0.20408702640197043     
  0.28396302650519040       0.23304243323232648     
  0.25975351403670266       0.25975351403670260     
  0.23304243323232673       0.28396302650519067     
  0.20408702640197091       0.30543781979845341     
  0.17316614994204693       0.32397107991776047     
  0.14057758879593427       0.33938432143685249     
  0.10663518862218969       0.35152910641416568     
   7.1665833289289771E-002  0.36028847393135366     
   3.6006296805284416E-002  0.36557806649086860     
   2.2493512860853506E-017  0.36734694242477695     
  -3.6006296805284423E-002  0.36557806649086916     
  -7.1665833289289951E-002  0.36028847393135477     
 -0.10663518862219011       0.35152910641416724     
 -0.14057758879593504       0.33938432143685449     
 -0.17316614994204813       0.32397107991776286     
 -0.20408702640197249       0.30543781979845608     
 -0.23304243323232893       0.28396302650519351     
 -0.25975351403670538       0.25975351403670544     
 -0.28396302650519373       0.23304243323232920     
 -0.30543781979845669       0.20408702640197299     
 -0.32397107991776380       0.17316614994204874     
 -0.33938432143685587       0.14057758879593571     
 -0.35152910641416901       0.10663518862219074     
 -0.36028847393135688        7.1665833289290520E-002
 -0.36557806649087166        3.6006296805284735E-002
 -0.36734694242477972        4.4987025721707350E-017
  0.34693878889083862        0.0000000000000000     
  0.34526818379431223        3.4005947956481132E-002
  0.34027245734505834        6.7684400044599261E-002
  0.33199972111972514       0.10071101436023115     
  0.32052964609050016       0.13276772655333346     
  0.30597269535009569       0.16354581296150517     
  0.28846906029178049       0.19274886378762202     
  0.26818731048962652       0.22009563768821719     
  0.24532277028136060       0.24532277028136054     
  0.22009563768821741       0.26818731048962680     
  0.19274886378762246       0.28846906029178110     
  0.16354581296150572       0.30597269535009658     
  0.13276772655333402       0.32052964609050144     
  0.10071101436023167       0.33199972111972686     
   6.7684400044599691E-002  0.34027245734506040     
   3.4005947956481417E-002  0.34526818379431456     
   2.1243873865761400E-017  0.34693878889084123     
  -3.4005947956481430E-002  0.34526818379431512     
  -6.7684400044599830E-002  0.34027245734506140     
 -0.10071101436023205       0.33199972111972831     
 -0.13276772655333477       0.32052964609050333     
 -0.16354581296150683       0.30597269535009886     
 -0.19274886378762396       0.28846906029178365     
 -0.22009563768821946       0.26818731048962940     
 -0.24532277028136318       0.24532277028136323     
 -0.26818731048962963       0.22009563768821977     
 -0.28846906029178421       0.19274886378762446     
 -0.30597269535009974       0.16354581296150739     
 -0.32052964609050466       0.13276772655333538     
 -0.33199972111972992       0.10071101436023264     
 -0.34027245734506345        6.7684400044600385E-002
 -0.34526818379431745        3.4005947956481722E-002
 -0.34693878889084384        4.2487747731523120E-017
  0.32653060555458063        0.0000000000000000     
  0.32495827143894229        3.2005596186539732E-002
  0.32025641152908607        6.3702960985764501E-002
  0.31247030730624198        9.4786831447115610E-002
  0.30167494321039351       0.12495785290587826     
  0.28797428449913004       0.15392546193224643     
  0.27150027600538285       0.18141068461599041     
  0.25241157143655585       0.20714882323771466     
  0.23089200545259425       0.23089200545259420     
  0.20714882323771489       0.25241157143655613     
  0.18141068461599080       0.27150027600538340     
  0.15392546193224696       0.28797428449913087     
  0.12495785290587878       0.30167494321039473     
   9.4786831447116096E-002  0.31247030730624359     
   6.3702960985764903E-002  0.32025641152908801     
   3.2005596186540010E-002  0.32495827143894451     
   1.9994233045803358E-017  0.32653060555458313     
  -3.2005596186540010E-002  0.32495827143894496     
  -6.3702960985765056E-002  0.32025641152908896     
  -9.4786831447116457E-002  0.31247030730624492     
 -0.12495785290587946       0.30167494321039651     
 -0.15392546193224804       0.28797428449913304     
 -0.18141068461599227       0.27150027600538579     
 -0.20714882323771686       0.25241157143655862     
 -0.23089200545259669       0.23089200545259675     
 -0.25241157143655885       0.20714882323771711     
 -0.27150027600538634       0.18141068461599269     
 -0.28797428449913387       0.15392546193224857     
 -0.30167494321039773       0.12495785290588003     
 -0.31247030730624653        9.4786831447117026E-002
 -0.32025641152909085        6.3702960985765569E-002
 -0.32495827143894718        3.2005596186540294E-002
 -0.32653060555458563        3.9988466091607019E-017
  0.30612245202064514        0.0000000000000000     
  0.30464838874238848        3.0005247337736761E-002
  0.30024039494279298        5.9721527741074441E-002
  0.29294092201180327        8.8862657185157623E-002
  0.28282026786404257       0.11714799066327806     
  0.26997589993146626       0.14430512495170528     
  0.25453151649871064       0.17007252200164202     
  0.23663585542099203       0.19420202769360539     
  0.21646126169725222       0.21646126169725219     
  0.19420202769360559       0.23663585542099227     
  0.17007252200164241       0.25453151649871120     
  0.14430512495170578       0.26997589993146709     
  0.11714799066327858       0.28282026786404374     
   8.8862657185158081E-002  0.29294092201180477     
   5.9721527741074823E-002  0.30024039494279475     
   3.0005247337737018E-002  0.30464838874239053     
   1.8744594050711256E-017  0.30612245202064747     
  -3.0005247337737025E-002  0.30464838874239097     
  -5.9721527741074955E-002  0.30024039494279564     
  -8.8862657185158428E-002  0.29294092201180610     
 -0.11714799066327922       0.28282026786404540     
 -0.14430512495170680       0.26997589993146903     
 -0.17007252200164374       0.25453151649871336     
 -0.19420202769360745       0.23663585542099458     
 -0.21646126169725452       0.21646126169725455     
 -0.23663585542099480       0.19420202769360767     
 -0.25453151649871392       0.17007252200164419     
 -0.26997589993146986       0.14430512495170728     
 -0.28282026786404657       0.11714799066327974     
 -0.29294092201180749        8.8862657185158955E-002
 -0.30024039494279742        5.9721527741075441E-002
 -0.30464838874239303        3.0005247337737281E-002
 -0.30612245202064980        3.7489188101422795E-017
  0.28571429848670959        0.0000000000000000     
  0.28433850604583455        2.8004898488933779E-002
  0.28022437835649977        5.5740094496384368E-002
  0.27341153671736446        8.2938482923199636E-002
  0.26396559251769169       0.10933812842067787     
  0.25197751536380247       0.13468478797116412     
  0.23756275699203841       0.15873435938729363     
  0.22086013940542812       0.18125523214949610     
  0.20203051794191015       0.20203051794191013     
  0.18125523214949629       0.22086013940542837     
  0.15873435938729399       0.23756275699203891     
  0.13468478797116457       0.25197751536380320     
  0.10933812842067833       0.26396559251769275     
   8.2938482923200052E-002  0.27341153671736590     
   5.5740094496384722E-002  0.28022437835650149     
   2.8004898488934019E-002  0.28433850604583649     
   1.7494955055619150E-017  0.28571429848671176     
  -2.8004898488934026E-002  0.28433850604583694     
  -5.5740094496384847E-002  0.28022437835650232     
  -8.2938482923200371E-002  0.27341153671736712     
 -0.10933812842067894       0.26396559251769430     
 -0.13468478797116548       0.25197751536380503     
 -0.15873435938729522       0.23756275699204096     
 -0.18125523214949801       0.22086013940543051     
 -0.20203051794191229       0.20203051794191232     
 -0.22086013940543073       0.18125523214949821     
 -0.23756275699204144       0.15873435938729563     
 -0.25197751536380575       0.13468478797116598     
 -0.26396559251769536       0.10933812842067943     
 -0.27341153671736845        8.2938482923200857E-002
 -0.28022437835650399        5.5740094496385298E-002
 -0.28433850604583888        2.8004898488934265E-002
 -0.28571429848671392        3.4989910111238565E-017
  0.26530611515045166        0.0000000000000000     
  0.26402859369046461        2.6004546718992383E-002
  0.26020833254052750        5.1758655437549615E-002
  0.25388212290388135        7.7014300010084108E-002
  0.24511088963758501       0.10152825477322265     
  0.23397910451283682       0.12506443694190539     
  0.22059397270564074       0.14739618021566203     
  0.20508440035235750       0.16830841769899360     
  0.18759975311314384       0.18759975311314381     
  0.16830841769899380       0.20508440035235770     
  0.14739618021566236       0.22059397270564121     
  0.12506443694190583       0.23397910451283752     
  0.10152825477322308       0.24511088963758601     
   7.7014300010084497E-002  0.25388212290388268     
   5.1758655437549948E-002  0.26020833254052905     
   2.6004546718992608E-002  0.26402859369046644     
   1.6245314235661108E-017  0.26530611515045366     
  -2.6004546718992612E-002  0.26402859369046683     
  -5.1758655437550066E-002  0.26020833254052983     
  -7.7014300010084788E-002  0.25388212290388379     
 -0.10152825477322364       0.24511088963758745     
 -0.12506443694190669       0.23397910451283921     
 -0.14739618021566350       0.22059397270564313     
 -0.16830841769899538       0.20508440035235972     
 -0.18759975311314581       0.18759975311314583     
 -0.20508440035235989       0.16830841769899560     
 -0.22059397270564354       0.14739618021566389     
 -0.23397910451283993       0.12506443694190711     
 -0.24511088963758845       0.10152825477322409     
 -0.25388212290388501        7.7014300010085232E-002
 -0.26020833254053138        5.1758655437550490E-002
 -0.26402859369046860        2.6004546718992837E-002
 -0.26530611515045566        3.2490628471322463E-017
  0.24489796161651611        0.0000000000000000     
  0.24371871099391079        2.4004197870189408E-002
  0.24019231595423438        4.7777222192859556E-002
  0.23435273760944261        7.1090125748126107E-002
  0.22625621429123408        9.3718392530622460E-002
  0.21598071994517301       0.11544409996136422     
  0.20362521319896854       0.13605801760131361     
  0.18930868433679360       0.15536162215488430     
  0.17316900935780177       0.17316900935780175     
  0.15536162215488447       0.18930868433679379     
  0.13605801760131392       0.20362521319896895     
  0.11544409996136462       0.21598071994517365     
   9.3718392530622849E-002  0.22625621429123499     
   7.1090125748126468E-002  0.23435273760944381     
   4.7777222192859861E-002  0.24019231595423579     
   2.4004197870189613E-002  0.24371871099391243     
   1.4995675240569006E-017  0.24489796161651797     
  -2.4004197870189616E-002  0.24371871099391282     
  -4.7777222192859965E-002  0.24019231595423651     
  -7.1090125748126731E-002  0.23435273760944486     
  -9.3718392530623376E-002  0.22625621429123632     
 -0.11544409996136543       0.21598071994517523     
 -0.13605801760131500       0.20362521319897073     
 -0.15536162215488594       0.18930868433679565     
 -0.17316900935780360       0.17316900935780363     
 -0.18930868433679582       0.15536162215488614     
 -0.20362521319897112       0.13605801760131533     
 -0.21598071994517587       0.11544409996136583     
 -0.22625621429123724        9.3718392530623792E-002
 -0.23435273760944600        7.1090125748127148E-002
 -0.24019231595423793        4.7777222192860347E-002
 -0.24371871099391443        2.4004197870189824E-002
 -0.24489796161651983        2.9991350481138239E-017
  0.22448979318141937        0.0000000000000000     
  0.22340881346794886        2.2003847560817219E-002
  0.22017628475310164        4.3795786041097143E-002
  0.21482333805548165        6.5165947160589335E-002
  0.20740152517800531        8.5908524585594739E-002
  0.19798232223585827       0.10582375595646427     
  0.18665644130243358       0.12471984670832362     
  0.17353295680247632       0.14241481715757842     
  0.15873825506574757       0.15873825506574754     
  0.14241481715757856       0.17353295680247652     
  0.12471984670832389       0.18665644130243397     
  0.10582375595646465       0.19798232223585888     
   8.5908524585595100E-002  0.20740152517800614     
   6.5165947160589668E-002  0.21482333805548276     
   4.3795786041097420E-002  0.22017628475310294     
   2.2003847560817406E-002  0.22340881346795036     
   1.3746035333043931E-017  0.22448979318142107     
  -2.2003847560817413E-002  0.22340881346795072     
  -4.3795786041097517E-002  0.22017628475310361     
  -6.5165947160589918E-002  0.21482333805548370     
  -8.5908524585595586E-002  0.20740152517800736     
 -0.10582375595646537       0.19798232223586032     
 -0.12471984670832488       0.18665644130243556     
 -0.14241481715757992       0.17353295680247821     
 -0.15873825506574926       0.15873825506574929     
 -0.17353295680247838       0.14241481715758009     
 -0.18665644130243594       0.12471984670832520     
 -0.19798232223586090       0.10582375595646575     
 -0.20740152517800819        8.5908524585595961E-002
 -0.21482333805548476        6.5165947160590293E-002
 -0.22017628475310491        4.3795786041097871E-002
 -0.22340881346795222        2.2003847560817601E-002
 -0.22448979318142276        2.7492070666088071E-017
  0.20408163964748383        0.0000000000000000     
  0.20309893077139499        2.0003498712014241E-002
  0.20016026816680849        3.9814352796407070E-002
  0.19529395276104292        5.9241772898631348E-002
  0.18854684983165435        7.8098662342994549E-002
  0.17998393766819451        9.6203418975923119E-002
  0.16968768179576132       0.11338168409397521     
  0.15775724078691247       0.12946802161346915     
  0.14430751131040551       0.14430751131040551     
  0.12946802161346929       0.15775724078691264     
  0.11338168409397549       0.16968768179576169     
   9.6203418975923438E-002  0.17998393766819504     
   7.8098662342994882E-002  0.18854684983165512     
   5.9241772898631646E-002  0.19529395276104392     
   3.9814352796407333E-002  0.20016026816680968     
   2.0003498712014414E-002  0.20309893077139637     
   1.2496396337951828E-017  0.20408163964748538     
  -2.0003498712014414E-002  0.20309893077139668     
  -3.9814352796407416E-002  0.20016026816681029     
  -5.9241772898631875E-002  0.19529395276104478     
  -7.8098662342995312E-002  0.18854684983165623     
  -9.6203418975924104E-002  0.17998393766819634     
 -0.11338168409397638       0.16968768179576318     
 -0.12946802161347051       0.15775724078691417     
 -0.14430751131040706       0.14430751131040706     
 -0.15775724078691430       0.12946802161347065     
 -0.16968768179576352       0.11338168409397666     
 -0.17998393766819687        9.6203418975924437E-002
 -0.18854684983165701        7.8098662342995673E-002
 -0.19529395276104575        5.9241772898632215E-002
 -0.20016026816681148        3.9814352796407743E-002
 -0.20309893077139804        2.0003498712014591E-002
 -0.20408163964748693        2.4992792675903847E-017
  0.18367347121238708        0.0000000000000000     
  0.18278903324543305        1.8003148402642055E-002
  0.18014423696567577        3.5832916644644663E-002
  0.17576455320708195        5.3317594311094577E-002
  0.16969216071842555        7.0288794397966828E-002
  0.16198553995887977        8.6583074971023161E-002
  0.15271890989922637       0.10204351320098522     
  0.14198151325259520       0.11652121661616324     
  0.12987675701835133       0.12987675701835130     
  0.11652121661616337       0.14198151325259534     
  0.10204351320098545       0.15271890989922671     
   8.6583074971023466E-002  0.16198553995888024     
   7.0288794397967133E-002  0.16969216071842624     
   5.3317594311094847E-002  0.17576455320708284     
   3.5832916644644885E-002  0.18014423696567683     
   1.8003148402642208E-002  0.18278903324543430     
   1.1246756430426753E-017  0.18367347121238847     
  -1.8003148402642211E-002  0.18278903324543458     
  -3.5832916644644976E-002  0.18014423696567738     
  -5.3317594311095055E-002  0.17576455320708362     
  -7.0288794397967522E-002  0.16969216071842724     
  -8.6583074971024063E-002  0.16198553995888143     
 -0.10204351320098624       0.15271890989922804     
 -0.11652121661616446       0.14198151325259675     
 -0.12987675701835269       0.12987675701835272     
 -0.14198151325259686       0.11652121661616460     
 -0.15271890989922834       0.10204351320098649     
 -0.16198553995888190        8.6583074971024368E-002
 -0.16969216071842794        7.0288794397967855E-002
 -0.17576455320708451        5.3317594311095368E-002
 -0.18014423696567844        3.5832916644645260E-002
 -0.18278903324543583        1.8003148402642367E-002
 -0.18367347121238986        2.2493512860853675E-017
  0.16326530277729032        0.0000000000000000     
  0.16247913571947115        1.6002798093269866E-002
  0.16012820576454304        3.1851480492882250E-002
  0.15623515365312099        4.7393415723557805E-002
  0.15083747160519675        6.2478926452939128E-002
  0.14398714224956502        7.6962730966123216E-002
  0.13575013800269142        9.0705342307995207E-002
  0.12620578571827792       0.10357441161885733     
  0.11544600272629713       0.11544600272629710     
  0.10357441161885744       0.12620578571827806     
   9.0705342307995401E-002  0.13575013800269170     
   7.6962730966123480E-002  0.14398714224956544     
   6.2478926452939391E-002  0.15083747160519737     
   4.7393415723558048E-002  0.15623515365312179     
   3.1851480492882452E-002  0.16012820576454401     
   1.6002798093270005E-002  0.16247913571947226     
   9.9971165229016792E-018  0.16326530277729157     
  -1.6002798093270005E-002  0.16247913571947248     
  -3.1851480492882528E-002  0.16012820576454448     
  -4.7393415723558228E-002  0.15623515365312246     
  -6.2478926452939731E-002  0.15083747160519825     
  -7.6962730966124021E-002  0.14398714224956652     
  -9.0705342307996137E-002  0.13575013800269289     
 -0.10357441161885843       0.12620578571827931     
 -0.11544600272629835       0.11544600272629837     
 -0.12620578571827942       0.10357441161885855     
 -0.13575013800269317        9.0705342307996345E-002
 -0.14398714224956694        7.6962730966124285E-002
 -0.15083747160519886        6.2478926452940016E-002
 -0.15623515365312327        4.7393415723558513E-002
 -0.16012820576454542        3.1851480492882785E-002
 -0.16247913571947359        1.6002798093270147E-002
 -0.16326530277729281        1.9994233045803509E-017
  0.14285714924335480        0.0000000000000000     
  0.14216925302291727        1.4002449244466890E-002
  0.14011218917824989        2.7870047248192184E-002
  0.13670576835868223        4.1469241461599818E-002
  0.13198279625884585        5.4669064210338937E-002
  0.12598875768190124        6.7342393985582061E-002
  0.11878137849601920        7.9367179693646817E-002
  0.11043006970271406        9.0627616074748049E-002
  0.10101525897095508       0.10101525897095506     
   9.0627616074748146E-002  0.11043006970271418     
   7.9367179693646997E-002  0.11878137849601945     
   6.7342393985582283E-002  0.12598875768190160     
   5.4669064210339166E-002  0.13198279625884637     
   4.1469241461600026E-002  0.13670576835868295     
   2.7870047248192361E-002  0.14011218917825075     
   1.4002449244467009E-002  0.14216925302291825     
   8.7474775278095749E-018  0.14285714924335588     
  -1.4002449244467013E-002  0.14216925302291847     
  -2.7870047248192423E-002  0.14011218917825116     
  -4.1469241461600186E-002  0.13670576835868356     
  -5.4669064210339471E-002  0.13198279625884715     
  -6.7342393985582741E-002  0.12598875768190251     
  -7.9367179693647608E-002  0.11878137849602048     
  -9.0627616074749007E-002  0.11043006970271525     
 -0.10101525897095615       0.10101525897095616     
 -0.11043006970271536        9.0627616074749104E-002
 -0.11878137849602072        7.9367179693647816E-002
 -0.12598875768190287        6.7342393985582991E-002
 -0.13198279625884768        5.4669064210339714E-002
 -0.13670576835868423        4.1469241461600428E-002
 -0.14011218917825199        2.7870047248192649E-002
 -0.14216925302291944        1.4002449244467132E-002
 -0.14285714924335696        1.7494955055619282E-017
  0.12244898080825806        0.0000000000000000     
  0.12185935549695540        1.2002098935094704E-002
  0.12009615797711719        2.3888611096429778E-002
  0.11717636880472131        3.5545062874063053E-002
  0.11312810714561704        4.6859196265311230E-002
  0.10799035997258651        5.7722049980682109E-002
  0.10181260659948427        6.8029008800656807E-002
   9.4654342168396799E-002   7.7680811077442152E-002
   8.6584504678900887E-002   8.6584504678900873E-002
   7.7680811077442236E-002   9.4654342168396896E-002
   6.8029008800656959E-002  0.10181260659948448     
   5.7722049980682311E-002  0.10799035997258682     
   4.6859196265311424E-002  0.11312810714561750     
   3.5545062874063234E-002  0.11717636880472190     
   2.3888611096429931E-002  0.12009615797711790     
   1.2002098935094806E-002  0.12185935549695621     
   7.4978376202845029E-018  0.12244898080825899     
  -1.2002098935094808E-002  0.12185935549695641     
  -2.3888611096429983E-002  0.12009615797711826     
  -3.5545062874063366E-002  0.11717636880472243     
  -4.6859196265311688E-002  0.11312810714561816     
  -5.7722049980682713E-002  0.10799035997258762     
  -6.8029008800657501E-002  0.10181260659948536     
  -7.7680811077442971E-002   9.4654342168397826E-002
  -8.6584504678901802E-002   8.6584504678901816E-002
  -9.4654342168397909E-002   7.7680811077443068E-002
 -0.10181260659948556        6.8029008800657667E-002
 -0.10799035997258793        5.7722049980682914E-002
 -0.11312810714561862        4.6859196265311896E-002
 -0.11717636880472300        3.5545062874063574E-002
 -0.12009615797711896        2.3888611096430173E-002
 -0.12185935549695721        1.2002098935094912E-002
 -0.12244898080825992        1.4995675240569120E-017
  0.10204081982374191        0.0000000000000000     
  0.10154946538569749        1.0001749356007120E-002
  0.10008013408340424        1.9907176398203535E-002
   9.7646976380521458E-002   2.9620886449315674E-002
   9.4273424915827173E-002   3.9049331171497274E-002
   8.9991968834097255E-002   4.8101709487961559E-002
   8.4843840897880662E-002   5.6690842046987606E-002
   7.8878620393456236E-002   6.4734010806734577E-002
   7.2153755655202753E-002   7.2153755655202753E-002
   6.4734010806734646E-002   7.8878620393456320E-002
   5.6690842046987745E-002   8.4843840897880843E-002
   4.8101709487961719E-002   8.9991968834097519E-002
   3.9049331171497441E-002   9.4273424915827561E-002
   2.9620886449315823E-002   9.7646976380521958E-002
   1.9907176398203667E-002  0.10008013408340484     
   1.0001749356007207E-002  0.10154946538569819     
   6.2481981689759139E-018  0.10204081982374269     
  -1.0001749356007207E-002  0.10154946538569834     
  -1.9907176398203708E-002  0.10008013408340515     
  -2.9620886449315938E-002   9.7646976380522388E-002
  -3.9049331171497656E-002   9.4273424915828116E-002
  -4.8101709487962052E-002   8.9991968834098171E-002
  -5.6690842046988189E-002   8.4843840897881592E-002
  -6.4734010806735257E-002   7.8878620393457083E-002
  -7.2153755655203530E-002   7.2153755655203530E-002
  -7.8878620393457152E-002   6.4734010806735326E-002
  -8.4843840897881759E-002   5.6690842046988328E-002
  -8.9991968834098435E-002   4.8101709487962219E-002
  -9.4273424915828505E-002   3.9049331171497836E-002
  -9.7646976380522874E-002   2.9620886449316108E-002
 -0.10008013408340574        1.9907176398203871E-002
 -0.10154946538569902        1.0001749356007296E-002
 -0.10204081982374347        1.2496396337951923E-017
   8.1632651388645158E-002   0.0000000000000000     
   8.1239567859735573E-002   8.0013990466349331E-003
   8.0064102882271518E-002   1.5925740246441125E-002
   7.8117576826560495E-002   2.3696707861778903E-002
   7.5418735802598377E-002   3.1239463226469564E-002
   7.1993571124782510E-002   3.8481365483061608E-002
   6.7875069001345711E-002   4.5352671153997604E-002
   6.3102892859138962E-002   5.1787205809428666E-002
   5.7723001363148563E-002   5.7723001363148549E-002
   5.1787205809428721E-002   6.3102892859139031E-002
   4.5352671153997701E-002   6.7875069001345850E-002
   3.8481365483061740E-002   7.1993571124782718E-002
   3.1239463226469696E-002   7.5418735802598683E-002
   2.3696707861779024E-002   7.8117576826560897E-002
   1.5925740246441226E-002   8.0064102882272004E-002
   8.0013990466350025E-003   8.1239567859736128E-002
   4.9985582614508396E-018   8.1632651388645783E-002
  -8.0013990466350025E-003   8.1239567859736239E-002
  -1.5925740246441264E-002   8.0064102882272239E-002
  -2.3696707861779114E-002   7.8117576826561230E-002
  -3.1239463226469866E-002   7.5418735802599127E-002
  -3.8481365483062011E-002   7.1993571124783259E-002
  -4.5352671153998068E-002   6.7875069001346447E-002
  -5.1787205809429214E-002   6.3102892859139656E-002
  -5.7723001363149173E-002   5.7723001363149187E-002
  -6.3102892859139711E-002   5.1787205809429276E-002
  -6.7875069001346586E-002   4.5352671153998173E-002
  -7.1993571124783468E-002   3.8481365483062142E-002
  -7.5418735802599432E-002   3.1239463226470008E-002
  -7.8117576826561633E-002   2.3696707861779256E-002
  -8.0064102882272711E-002   1.5925740246441392E-002
  -8.1239567859736794E-002   8.0013990466350736E-003
  -8.1632651388646407E-002   9.9971165229017547E-018
   6.1224490404129028E-002   0.0000000000000000     
   6.0929677748477698E-002   6.0010494675473520E-003
   6.0048078988558594E-002   1.1944305548214889E-002
   5.8588184402360653E-002   1.7772531437031527E-002
   5.6564053572808519E-002   2.3429598132655615E-002
   5.3995179986293253E-002   2.8861024990341055E-002
   5.0906303299742134E-002   3.4014504400328403E-002
   4.7327171084198399E-002   3.8840405538721076E-002
   4.3292252339450443E-002   4.3292252339450436E-002
   3.8840405538721118E-002   4.7327171084198448E-002
   3.4014504400328480E-002   5.0906303299742238E-002
   2.8861024990341155E-002   5.3995179986293412E-002
   2.3429598132655712E-002   5.6564053572808748E-002
   1.7772531437031617E-002   5.8588184402360952E-002
   1.1944305548214965E-002   6.0048078988558948E-002
   6.0010494675474032E-003   6.0929677748478107E-002
   3.7489188101422514E-018   6.1224490404129493E-002
  -6.0010494675474041E-003   6.0929677748478205E-002
  -1.1944305548214991E-002   6.0048078988559128E-002
  -1.7772531437031683E-002   5.8588184402361215E-002
  -2.3429598132655844E-002   5.6564053572809081E-002
  -2.8861024990341357E-002   5.3995179986293808E-002
  -3.4014504400328750E-002   5.0906303299742682E-002
  -3.8840405538721486E-002   4.7327171084198913E-002
  -4.3292252339450901E-002   4.3292252339450908E-002
  -4.7327171084198955E-002   3.8840405538721534E-002
  -5.0906303299742779E-002   3.4014504400328834E-002
  -5.3995179986293967E-002   2.8861024990341457E-002
  -5.6564053572809310E-002   2.3429598132655948E-002
  -5.8588184402361500E-002   1.7772531437031787E-002
  -6.0048078988559482E-002   1.1944305548215087E-002
  -6.0929677748478607E-002   6.0010494675474561E-003
  -6.1224490404129958E-002   7.4978376202845599E-018
   4.0816325694322579E-002   0.0000000000000000     
   4.0619783929867787E-002   4.0006995233174665E-003
   4.0032051441135759E-002   7.9628701232205626E-003
   3.9058788413280247E-002   1.1848353930889451E-002
   3.7709367901299189E-002   1.5619731613234782E-002
   3.5996785562391255E-002   1.9240682741530804E-002
   3.3937534500672856E-002   2.2676335576998802E-002
   3.1551446429569481E-002   2.5893602904714333E-002
   2.8861500681574281E-002   2.8861500681574274E-002
   2.5893602904714361E-002   3.1551446429569516E-002
   2.2676335576998850E-002   3.3937534500672925E-002
   1.9240682741530870E-002   3.5996785562391359E-002
   1.5619731613234848E-002   3.7709367901299341E-002
   1.1848353930889512E-002   3.9058788413280449E-002
   7.9628701232206129E-003   4.0032051441136002E-002
   4.0006995233175012E-003   4.0619783929868064E-002
   2.4992791307254198E-018   4.0816325694322891E-002
  -4.0006995233175012E-003   4.0619783929868120E-002
  -7.9628701232206320E-003   4.0032051441136120E-002
  -1.1848353930889557E-002   3.9058788413280615E-002
  -1.5619731613234933E-002   3.7709367901299563E-002
  -1.9240682741531005E-002   3.5996785562391630E-002
  -2.2676335576999034E-002   3.3937534500673223E-002
  -2.5893602904714607E-002   3.1551446429569828E-002
  -2.8861500681574587E-002   2.8861500681574594E-002
  -3.1551446429569856E-002   2.5893602904714638E-002
  -3.3937534500673293E-002   2.2676335576999086E-002
  -3.5996785562391734E-002   1.9240682741531071E-002
  -3.7709367901299716E-002   1.5619731613235004E-002
  -3.9058788413280816E-002   1.1848353930889628E-002
  -4.0032051441136356E-002   7.9628701232206962E-003
  -4.0619783929868397E-002   4.0006995233175368E-003
  -4.0816325694323204E-002   4.9985582614508773E-018
   2.0408162847161290E-002   0.0000000000000000     
   2.0309891964933893E-002   2.0003497616587333E-003
   2.0016025720567879E-002   3.9814350616102813E-003
   1.9529394206640124E-002   5.9241769654447256E-003
   1.8854683950649594E-002   7.8098658066173910E-003
   1.7998392781195627E-002   9.6203413707654020E-003
   1.6968767250336428E-002   1.1338167788499401E-002
   1.5775723214784741E-002   1.2946801452357166E-002
   1.4430750340787141E-002   1.4430750340787137E-002
   1.2946801452357180E-002   1.5775723214784758E-002
   1.1338167788499425E-002   1.6968767250336463E-002
   9.6203413707654350E-003   1.7998392781195680E-002
   7.8098658066174239E-003   1.8854683950649671E-002
   5.9241769654447560E-003   1.9529394206640224E-002
   3.9814350616103064E-003   2.0016025720568001E-002
   2.0003497616587506E-003   2.0309891964934032E-002
   1.2496395653627099E-018   2.0408162847161446E-002
  -2.0003497616587506E-003   2.0309891964934060E-002
  -3.9814350616103160E-003   2.0016025720568060E-002
  -5.9241769654447786E-003   1.9529394206640308E-002
  -7.8098658066174664E-003   1.8854683950649782E-002
  -9.6203413707655026E-003   1.7998392781195815E-002
  -1.1338167788499517E-002   1.6968767250336612E-002
  -1.2946801452357303E-002   1.5775723214784914E-002
  -1.4430750340787293E-002   1.4430750340787297E-002
  -1.5775723214784928E-002   1.2946801452357319E-002
  -1.6968767250336646E-002   1.1338167788499543E-002
  -1.7998392781195867E-002   9.6203413707655356E-003
  -1.8854683950649858E-002   7.8098658066175020E-003
  -1.9529394206640408E-002   5.9241769654448141E-003
  -2.0016025720568178E-002   3.9814350616103481E-003
  -2.0309891964934199E-002   2.0003497616587684E-003
  -2.0408162847161602E-002   2.4992791307254387E-018
   0.0000000000000000        0.0000000000000000     
   0.0000000000000000        0.0000000000000000     
   0.0000000000000000        0.0000000000000000     
   0.0000000000000000        0.0000000000000000     
   0.0000000000000000        0.0000000000000000     
   0.0000000000000000        0.0000000000000000     
   0.0000000000000000        0.0000000000000000     
   0.0000000000000000        0.0000000000000000     
   0.0000000000000000        0.0000000000000000     
   0.0000000000000000        0.0000000000000000     
   0.0000000000000000        0.0000000000000000     
   0.0000000000000000        0.0000000000000000     
   0.0000000000000000        0.0000000000000000     
   0.0000000000000000        0.0000000000000000     
   0.0000000000000000        0.0000000000000000     
   0.0000000000000000        0.0000000000000000     
   0.0000000000000000        0.0000000000000000     
   0.0000000000000000        0.0000000000000000     
   0.0000000000000000        0.0000000000000000     
   0.0000000000000000        0.0000000000000000     
   0.0000000000000000        0.0000000000000000     
   0.0000000000000000        0.0000000000000000     
   0.0000000000000000        0.0000000000000000     
   0.0000000000000000        0.0000000000000000     
   0.0000000000000000        0.0000000000000000     
   0.0000000000000000        0.0000000000000000     
   0.0000000000000000        0.0000000000000000     
   0.0000000000000000        0.0000000000000000     
   0.0000000000000000        0.0000000000000000     
   0.0000000000000000        0.0000000000000000     
   0.0000000000000000        0.0000000000000000     
   0.0000000000000000        0.0000000000000000     
   0.0000000000000000        0.0000000000000000     
   1.0000000000000000        0.0000000000000000     
   0.0000000000000000        0.0000000000000000     
  0.99518472667219693        9.8017140329560604E-002
   0.0000000000000000        0.0000000000000000     
  0.98078528040323054       0.19509032201612828     
   0.0000000000000000        0.0000000000000000     
  0.95694033573220905       0.29028467725446239     
   0.0000000000000000        0.0000000000000000     
  0.92387953251128729       0.38268343236509000     
   0.0000000000000000        0.0000000000000000     
  0.88192126434835583       0.47139673682599803     
   0.0000000000000000        0.0000000000000000     
  0.83146961230254635       0.55557023301960284     
   0.0000000000000000        0.0000000000000000     
  0.77301045336273833       0.63439328416364660     
   0.0000000000000000        0.0000000000000000     
  0.70710678118654913       0.70710678118654902     
   0.0000000000000000        0.0000000000000000     
  0.63439328416364726       0.77301045336273921     
   0.0000000000000000        0.0000000000000000     
  0.55557023301960418       0.83146961230254801     
   0.0000000000000000        0.0000000000000000     
  0.47139673682599970       0.88192126434835849     
   0.0000000000000000        0.0000000000000000     
  0.38268343236509161       0.92387953251129107     
   0.0000000000000000        0.0000000000000000     
  0.29028467725446389       0.95694033573221404     
   0.0000000000000000        0.0000000000000000     
  0.19509032201612952       0.98078528040323643     
   0.0000000000000000        0.0000000000000000     
   9.8017140329561436E-002  0.99518472667220359     
   0.0000000000000000        0.0000000000000000     
   6.1232339957368129E-017   1.0000000000000075     
   0.0000000000000000        0.0000000000000000     
  -9.8017140329561450E-002  0.99518472667220526     
   0.0000000000000000        0.0000000000000000     
 -0.19509032201612994       0.98078528040323931     
   0.0000000000000000        0.0000000000000000     
 -0.29028467725446500       0.95694033573221826     
   0.0000000000000000        0.0000000000000000     
 -0.38268343236509372       0.92387953251129640     
   0.0000000000000000        0.0000000000000000     
 -0.47139673682600292       0.88192126434836493     
   0.0000000000000000        0.0000000000000000     
 -0.55557023301960851       0.83146961230255534     
   0.0000000000000000        0.0000000000000000     
 -0.63439328416365326       0.77301045336274676     
   0.0000000000000000        0.0000000000000000     
 -0.70710678118655657       0.70710678118655668     
   0.0000000000000000        0.0000000000000000     
 -0.77301045336274743       0.63439328416365404     
   0.0000000000000000        0.0000000000000000     
 -0.83146961230255689       0.55557023301960995     
   0.0000000000000000        0.0000000000000000     
 -0.88192126434836748       0.47139673682600458     
   0.0000000000000000        0.0000000000000000     
 -0.92387953251130017       0.38268343236509544     
   0.0000000000000000        0.0000000000000000     
 -0.95694033573222304       0.29028467725446666     
   0.0000000000000000        0.0000000000000000     
 -0.98078528040324520       0.19509032201613152     
   0.0000000000000000        0.0000000000000000     
 -0.99518472667221192        9.8017140329562297E-002
   0.0000000000000000        0.0000000000000000     
  -1.0000000000000151        1.2246467991473719E-016
   0.0000000000000000        0.0000000000000000     
