   1.0000000000000000        0.0000000000000000     
  0.99606528047776388        8.8622224285366064E-002
  0.98427620890612888       0.17663566845195766     
  0.96467855549292536       0.26342923839741589     
  0.93735039976971857       0.34838743173019238     
  0.90240481083574509       0.43088870846088195     
  0.85999347837451479       0.51030455731691793     
  0.81031116587401308       0.58599947698132826     
  0.75360081569650383       0.65733207851694953     
  0.69015909322702440       0.72365749265654067     
  0.62034211399848405       0.78433123580677266     
  0.54457105626570579       0.83871464771020821     
  0.46333732437700181       0.88618196153320872     
  0.37720689889550363       0.92612900320875380     
  0.28682349152129988       0.95798344191459650     
  0.19291012032658339       0.98121642958598032     
   9.6268737179552893E-002  0.99535537766833460     
  -2.2224227583159065E-003  0.99999752852242696     
 -0.10161403844084742       0.99482389268792426     
 -0.20089363213641073       0.97961304795610615     
 -0.29899631032152124       0.95425423840914225     
 -0.39481827433880701       0.91875917728975431     
 -0.48723292604560947       0.87327195170767824     
 -0.57510925711103067       0.81807645304526233     
 -0.65733207851695719       0.75360081569651172     
 -0.73282352763091296       0.68041843737004970     
 -0.80056519196829590       0.59924527321782306     
 -0.85962011840355057       0.51093323804042745     
 -0.90915393948168666       0.41645970856851033     
 -0.94845434789292460       0.31691328314476802     
 -0.97694818762748781       0.21347611922528559     
 -0.99421550368693856       0.10740332322181306     
  -1.0000000000000151        1.2246467991473719E-016
  0.97656646984707507        0.0000000000000000     
  0.97272087512737904        8.6323001041868450E-002
  0.96119911628016108       0.17204534932548685     
  0.94204752666121971       0.25656419085469567     
  0.91534504496679980       0.33927251530395658     
  0.88120589261085858       0.41955765059956956     
  0.83978316667220543       0.49680045877174428     
  0.79127324370903962       0.57037545803908762     
  0.73592080857397246       0.63965207139442093     
  0.67402431055455547       0.70399720308716718     
  0.60594154964077473       0.76277926820339637     
  0.53209512162477257       0.81537381568293799     
  0.45297737005261518       0.86117081929770889     
  0.36915442756374561       0.89958356273780715     
  0.28126898816669199       0.93005906784083048     
  0.19004140557329113       0.95208987990235161     
   9.6268737179554240E-002  0.96522707008956066     
   8.2132110923849528E-004  0.96909387841891237     
  -9.5363351331578375E-002  0.96339956653057401     
 -0.19128965316235461       0.94795297223071062     
 -0.28591578397855227       0.92267505430896823     
 -0.37816858751679105       0.88760980414825630     
 -0.46696095125066728       0.84293279740895810     
 -0.55121125231858548       0.78895664995114956     
 -0.62986418045319892       0.72613291763275301     
 -0.70191208736187194       0.65505007394728143     
 -0.76641582665413188       0.57642739681639743     
 -0.82252413187613826       0.49110502014244595     
 -0.86949067016564097       0.40003064451178250     
 -0.90668806048138317       0.30424361837188590     
 -0.93361870558211701       0.20485734937430647     
 -0.94992240238564363       0.10304083351236785     
 -0.95538116775833581        1.1700044890609065E-016
  0.95290620449793295        0.0000000000000000     
  0.94915355150959224        8.4001822265379944E-002
  0.93791067187112287       0.16741298971549534     
  0.91922411712097851       0.24964078526205150     
  0.89317315207801884       0.33008861656593991     
  0.85987237409648742       0.40815464738462581     
  0.81947523954972645       0.48323113568808196     
  0.77217835804848134       0.55470469036417214     
  0.71822639717316039       0.62195765999360619     
  0.65791736665620948       0.68437083515896180     
  0.59160800710515027       0.74132760584516688     
  0.51971898865588195       0.79221969945133486     
  0.44273956238342360       0.83645456517378680     
  0.36123124328498618       0.87346432456273126     
  0.27583014454014526       0.90271615448560349     
  0.18724760992119888       0.92372399661850246     
   9.6268737179554115E-002  0.93606148892315211     
   3.7483446456832749E-003  0.93937530972484518     
  -8.9395769612739304E-002  0.93339850728296569     
 -0.18219242789475096       0.91796343959623028     
 -0.27362956272017741       0.89301349231668281     
 -0.36266941436799083       0.85861289050104272     
 -0.44826605221785887       0.81495390378400734     
 -0.52938456979555826       0.76236076034495182     
 -0.60502122614917853       0.70128996332873283     
 -0.67422359831547329       0.63232671823681053     
 -0.73610964668224799       0.55617745476224689     
 -0.78988493419570716       0.47365900551376339     
 -0.83485714862378335       0.38568497017640474     
 -0.87044753377884454       0.29325017478448795     
 -0.89619923633983722       0.19741415416123434     
 -0.91178280058800087        9.9284410611074264E-002
 -0.91699936535331961        1.1230003376000970E-016
  0.92943912271705342        0.0000000000000000     
  0.92578067906565953        8.1699795257888980E-002
  0.91482042749266013       0.16282005454280166     
  0.89660489886630201       0.24277932050158582     
  0.87121327831952455       0.32099253902717062     
  0.83875996092005300       0.39686982743502780     
  0.79939798290497155       0.46981594169003349     
  0.75332319832506767       0.53923066068147696     
  0.70077902279315141       0.60451028561360876     
  0.64206152525756210       0.66505043661713925     
  0.57752459257451005       0.72025028650060030     
  0.50758486374597556       0.76951834845268396     
  0.43272607764378063       0.81227987450872952     
  0.35350240533566474       0.84798576037534834     
  0.27054039493145537       0.87612278737438121     
  0.18453920982855113       0.89622514900008765     
   9.6268737179554364E-002  0.90788714549275451     
   6.5651277015883018E-003  0.91077603141331376     
  -8.3676303128037116E-002  0.90464480755053001     
 -0.17351097549960981       0.88934452643752082     
 -0.26195770052925210       0.86483512431720189     
 -0.34801381939852216       0.83119420101095520     
 -0.43067244542627808       0.78862321047365724     
 -0.50894109211886074       0.73745031072061629     
 -0.58186091306063248       0.67812965024018712     
 -0.64852565652570471       0.61123696244199732     
 -0.70809926575613424       0.53746151658743468     
 -0.75983147273152141       0.45759509568728080     
 -0.80307062240557325       0.37251855991609462     
 -0.83727353697959894       0.28318695287343676     
 -0.86201247507901535       0.19061398454580100     
 -0.87697954506082187        9.5856589132804371E-002
 -0.88198912835208543        1.0801251629191455E-016
  0.90640213266531722        0.0000000000000000     
  0.90283743683756135        7.9440083133280229E-002
  0.89215838011710669       0.15831229304965960     
  0.87441131329137201       0.23604696983719650     
  0.84967507779149809       0.31207112425935074     
  0.81806348368311432       0.38580732987693389     
  0.77972864646079432       0.45667331125598826     
  0.73486503658208735       0.52408243882133221     
  0.68371405829150711       0.58744532111195280     
  0.62656894701700239       0.64617267530697953     
  0.56377969984226506       0.69967960083030356     
  0.49575774763760627       0.74739137052298865     
  0.42298000803506602       0.78875078107952179     
  0.34599190868584667       0.82322697099118269     
  0.26540899682913666       0.85032550704478682     
  0.18191683162481861       0.86959969627679223     
   9.6268737179551173E-002  0.88066287274043908     
   9.2810537005876097E-003  0.88320077198532743     
  -7.8174190411833391E-002  0.87698381900223354     
 -0.16517931450341050       0.86187872098640872     
 -0.25078360825785861       0.83785847920839518     
 -0.33401829687555307       0.80501042001624568     
 -0.41391334725160944       0.76354144756837161     
 -0.48951545306281441       0.71378010104402445     
 -0.55990637060199433       0.65617510778155075     
 -0.62422073869557682       0.59129043186597841     
 -0.68166246650185958       0.51979701207077933     
 -0.73151899408128596       0.44246176056236086     
 -0.77317287481030939       0.36013450737772779     
 -0.80611047303360650       0.27373374077437745     
 -0.82992796164015203       0.18423197802145219     
 -0.84433501076102713        9.2641383137676475E-002
 -0.84915672184078128        1.0399170613767720E-016
  0.88389577449850487        0.0000000000000000     
  0.88042344472222589        7.7232497595004737E-002
  0.87002140424047791       0.15390897477141272     
  0.85273572568997769       0.22947175222307239     
  0.82864473906811764       0.30336007273882643     
  0.79786143755262262       0.37500911125120057     
  0.76053671473604612       0.44384967245710416     
  0.71686328359696705       0.50930878194870322     
  0.66708009552944514       0.57081135834989871     
  0.61147704483134890       0.62778313928592966     
  0.55039967201241691       0.67965497407555209     
  0.48425358842131921       0.72586860244102291     
  0.41350825741906444       0.76588395228296013     
  0.33869971349265349       0.79918782506587871     
  0.26043187109626054       0.82530380629060429     
  0.17937611067279438       0.84380332354351273     
   9.6268737179554323E-002  0.85431749317669514     
   1.1906016219037609E-002  0.85654908027442744     
  -7.2863313724473272E-002  0.85028423889406524     
 -0.15714812093619346       0.83540342390482669     
 -0.24002742161006443       0.81189074752389179     
 -0.32056506952892644       0.77984120193682072     
 -0.39782608967532246       0.73946516517421623     
 -0.47089398231995616       0.69108977329221954     
 -0.53888820944956051       0.63515694662911504     
 -0.60098100958705059       0.57221807908200950     
 -0.65641267072909026       0.50292563792357825     
 -0.70450464965843540       0.42802229263793590     
 -0.74467007119898354       0.34832825955626051     
 -0.77642151093309808       0.26472769258144579     
 -0.79937624272927776       0.17815486328537752     
 -0.81325937095086454        8.9580699762554644E-002
 -0.81790539345037716        1.0016452220943610E-016
  0.86193677556849924        0.0000000000000000     
  0.85855507371487250        7.5078651045355077E-002
  0.84842481388353319       0.14961314585618646     
  0.83159172551842753       0.22305778989283900     
  0.80813352052316134       0.29486404783670711     
  0.77816222733887075       0.36447966402250642     
  0.74182732971001264       0.43134846105410213     
  0.69931955673808266       0.49491101740352617     
  0.65087514293723048       0.55460640575767928     
  0.59678035126779239       0.60987516636424655     
  0.53737596693337086       0.66016362200297474     
  0.47306147073452631       0.70492962299977635     
  0.40429855793463543       0.74364977088227657     
  0.33161357500752447       0.77582795707307317     
  0.25559855673036663       0.80100509410108289     
  0.17691053362673959       0.81876989969115521     
   9.6268737179550534E-002  0.82877031802402179     
   1.4449459171420782E-002  0.83072507060771805     
  -6.7721553572285986E-002  0.82443486502192675     
 -0.14937918551022861       0.80979267605165972     
 -0.22963135706356744       0.78679242750041467     
 -0.30757340652552340       0.75553551000714170     
 -0.38230394264754836       0.71623463048350855     
 -0.45294149118058030       0.66921459954580187     
 -0.51864115291148949       0.61490989009104424     
 -0.57861044930799532       0.55385903472203235     
 -0.63212358496834553       0.48669618968365636     
 -0.67853355614147615       0.41414045394030385     
 -0.71728172397238088       0.33698363468402387     
 -0.74790478429005569       0.25607723812694472     
 -0.77003936197018918       0.17231939488205031     
 -0.78342467821373429        8.6642239006142402E-002
 -0.78790380860841758        9.6490387724830740E-017
  0.84049824619118618        0.0000000000000000     
  0.83720540153833811        7.2975891871473117E-002
  0.82734159401878349       0.14541943268090160     
  0.81095216350690202       0.21679684720553408     
  0.78811412640961331       0.28657174328438351     
  0.75893844114191600       0.35420433622509667     
  0.72357305031749941       0.41915134151342337     
  0.68220654189877983       0.48086672907777345     
  0.63507226441320330       0.53880352723364866     
  0.58245266697476616       0.59241683253968247     
  0.52468358985256969       0.64116813732192890     
  0.46215819475469833       0.68453102838409252     
  0.39533023946898471       0.72199833481081521     
  0.32471624749822564       0.75309051545254269     
  0.25089628827145710       0.77736519417503447     
  0.17451303311140856       0.79442766845461044     
   9.6268737179551936E-002  0.80394193249761603     
   1.6919943073361678E-002  0.80564182661146810     
  -6.2730213889450645E-002  0.79934170591579456     
 -0.14184206296615284       0.78494611285720339     
 -0.21955164206537389       0.76245784284692020     
 -0.29498476105443228       0.73198381084806574     
 -0.36727237198686868       0.69373829521082442     
 -0.43556655502273073       0.64804317858059612     
 -0.49905637218392507       0.59532510936347949     
 -0.55698282483900230       0.53610970202432262     
 -0.60865218361653661       0.47101310069835922     
 -0.65344715829802891       0.40073149493208837     
 -0.69083560796011312       0.32602929475964376     
 -0.72037679029059931       0.24772671244085209     
 -0.74172539306840302       0.16668739629788046     
 -0.75463379672597752        8.3806584684523067E-002
 -0.75895306699024068        9.2944944419266496E-017
  0.81953454642754853        0.0000000000000000     
  0.81632891386196271        7.0919737303058034E-002
  0.80672661016866987       0.14131885743978148     
  0.79077254720270496       0.21067542752318696     
  0.76854298141650412       0.27846510959706766     
  0.74014771272351287       0.34416048263283350     
  0.70573303293880474       0.40723102300086073     
  0.66548526817288478       0.46714393437529750     
  0.61963474348966097       0.52336600631011276     
  0.56845994186326398       0.57536664765876322     
  0.51229160936830109       0.62262222791832711     
  0.45151645243563693       0.66462172883295767     
  0.38658016598345563       0.70087378873029094     
  0.31798936627581603       0.73091495993825006     
  0.24631211997774366       0.75431902387349414     
  0.17217677428383565       0.77070723450870204     
   9.6268737179554073E-002  0.77975897289850826     
   1.9325041528318539E-002  0.78122245219931408     
  -5.7873408210282661E-002  0.77492489491933181     
 -0.13451184293342333       0.76078161583498505     
 -0.20975369519495929       0.73880350662895400     
 -0.28275433696727870       0.70910229676061720     
 -0.35267595254268519       0.67189320975637423     
 -0.41870289205646255       0.62749474580187192     
 -0.48005675860632085       0.57632549578587633     
 -0.53601051140025724       0.51889816919053378     
 -0.58590091407399925       0.45581118840448226     
 -0.62913883157403960       0.38773842360178518     
 -0.66521717565298821       0.31541779265129560     
 -0.69371649035539562       0.23963939887151881     
 -0.71430848277565340       0.16123383376531308     
 -0.72675791430193237        8.1061049904758153E-002
 -0.73092335851776657        8.9512295143081624E-017
  0.79899514452824094        0.0000000000000000     
  0.79587526550527088        6.8905228772637092E-002
  0.78653007806930153       0.13730151742703672     
  0.77100403012781338       0.20467871342868335     
  0.74937255811827030       0.27052446027050664     
  0.72174422098575175       0.33432361135862304     
  0.68826355817875573       0.39555829315052621     
  0.64911451266001186       0.45370880253603491     
  0.60452425593892301       0.50825551875937613     
  0.55476716693237282       0.55868195313036406     
  0.50016874794696764       0.60447908365517122     
  0.44110912114398032       0.64515098146837380     
  0.37802579780654061       0.68022171706004886     
  0.31141540077946150       0.70924350001597147     
  0.24183395547302353       0.73180577060667729     
  0.16989551085864218       0.74754517825369271     
   9.6268737179554073E-002  0.75615586447257199     
   2.1671374151686906E-002  0.75739973728825305     
  -5.3137557645310363E-002  0.75111616634524059     
 -0.12736769770480030       0.73723052523571997     
 -0.20020921345329709       0.71576108936241023     
 -0.27084620156501310       0.68682374239320798     
 -0.33847107622509476       0.65063411000151539     
 -0.40229929608746129       0.60750690628132231     
 -0.46158371335210663       0.55785245053166022     
 -0.51562786155352491       0.50217056076043365     
 -0.56379757496563854       0.44104220938558969     
 -0.60553049845673712       0.37511950664935151     
 -0.64034330764810143       0.30511469917499068     
 -0.66783670106705018       0.23178885061844237     
 -0.68769845889067815       0.15594077091832304     
 -0.69970502733743667        7.8396573102763489E-002
 -0.70372206375338919        8.6181097286495759E-017
  0.77883152421704049        0.0000000000000000     
  0.77579613652299129        6.6927607180979565E-002
  0.76670426620228982       0.13335791825334567     
  0.75159986015741442       0.19879252282000945     
  0.73055747558661077       0.26273099790872506     
  0.70368434936766400       0.32467040891674243     
  0.67112316529982829       0.38410544878328229     
  0.63305536041852761       0.44052939689276449     
  0.58970481294814614       0.49343607576859178     
  0.54134165720058369       0.54232292218937372     
  0.48828600011063344       0.58669529476700666     
  0.43091123167766043       0.62607207219892025     
  0.36964655029346438       0.65999242407152792     
  0.30497847954456292       0.68802381447877936     
  0.23745094491111748       0.70977088851507331     
  0.16766369359003302       0.72488515725149583     
   9.6268737179554351E-002  0.73307493339531715     
   2.3964702767220077E-002  0.73411518110009144     
  -4.8510969588799122E-002  0.72785673749494351     
 -0.12039188269675426       0.71423434500691108     
 -0.19089433684617432       0.69327298792569114     
 -0.25923038352318367       0.66509207534169545     
 -0.32462173455595733       0.62990710545037787     
 -0.38631387728714095       0.58802861711512422     
 -0.44358970996133446       0.53985844714091880     
 -0.49578205387670043       0.48588352731319895     
 -0.54228450718590560       0.42666763705906202     
 -0.58256020790866292       0.36284163055539631     
 -0.61614839417334322       0.29509283787330504     
 -0.64266886109523891       0.22415426982943312     
 -0.66182460159058143       0.15079414070951710     
 -0.67340310017626870        7.5806059385662303E-002
 -0.67727670437950205        8.2942474815542536E-017
  0.75900044025304947        0.0000000000000000     
  0.75604846145055804        6.4982630950054771E-002
  0.74720664837077766       0.12947960093221977     
  0.73251840949781033       0.19300422804400136     
  0.71205736083911697       0.25506799947485592     
  0.68592933205539997       0.31518015439250785     
  0.65427504669511516       0.37284789584248579     
  0.61727331120259576       0.42757740382543463     
  0.57514456273730963       0.47887582555775549     
  0.52815453837670578       0.52625437141010911     
  0.47661779375176255       0.56923258989035230     
  0.42090082153362379       0.60734391207137683     
  0.36142436150428342       0.64014230438426689     
  0.29866471371443909       0.66721011790216245     
  0.23315361879947061       0.68816677124284653     
  0.16547649291445457       0.70267813643588251     
   9.6268737179554115E-002  0.71046613499569844     
   2.6210011911409044E-002  0.71131817478616399     
  -4.3983559835807817E-002  0.70509591164669472     
 -0.11356914149811416       0.69174278150107193     
 -0.18178861141009453       0.67128982208263088     
 -0.24788126314853628       0.64385936453112613     
 -0.31109723287226670       0.60966625829337118     
 -0.37071101808590184       0.56901647816918455     
 -0.42603443482205194       0.52230317200160603     
 -0.47642839283515848       0.47000038817152007     
 -0.52131300871838748       0.41265492977790913     
 -0.56017570448617504       0.35087686420333097     
 -0.59257716100928881       0.28532931341490192     
 -0.61815527924751079       0.21671815607258671     
 -0.63662745080685390       0.14578211579590358     
 -0.64779159774629747        7.3283546569251470E-002
 -0.65152638435175780        7.9788970115642829E-017
  0.73946448328347769        0.0000000000000000     
  0.73659498559392034        6.3066630812759164E-002
  0.72800043374113066       0.12565924731183162     
  0.71372366002852605       0.18730290312326303     
  0.69383727730425093       0.24752099376714040     
  0.66844561957948312       0.30583491537637608     
  0.63768734109071290       0.36176434530552631     
  0.60173848983616984       0.41482830541069332     
  0.56081591352244886       0.46454717634289461     
  0.51518078890763253       0.51044581194195726     
  0.46514195609210857       0.55205778511749704     
  0.41105883549170635       0.58893085127628397     
  0.35334354859579298       0.62063349626559017     
  0.29246203236184609       0.64676261777184552     
  0.22893373837142877       0.66695199997433907     
  0.16332970195138477       0.68088140168582889     
   9.6268737179555100E-002  0.68828581694586621     
   2.8411655732036176E-002  0.68896450994252012     
  -3.9546504448921278E-002  0.68278932787145075     
 -0.10688610120575927       0.66971175016465234     
 -0.17287407704479968       0.64976823231574465     
 -0.23677630030558561       0.62308344033416130     
 -0.29787051243464974       0.58987107226527824     
 -0.35545926657035770       0.55043216517608362     
 -0.40888223124753503       0.50515096842708962     
 -0.45752726802679350       0.45448863591848249     
 -0.50083985141566811       0.39897520341747078     
 -0.53833055283602127       0.33920038737979225     
 -0.56958044047793999       0.27580375988070660     
 -0.59424459344304559       0.20946492883101939     
 -0.61205404058013568       0.14089416059311563     
 -0.62281657221915576        7.0823721256199984E-002
 -0.62641682520831454        7.6713935992340932E-017
  0.72019216067937386        0.0000000000000000     
  0.71740434284214560        6.1176517496736256E-002
  0.70905463623174159       0.12189069387734273     
  0.69518526055313778       0.18167934112301595     
  0.67586776160839535       0.24007777665664093     
  0.65120489120899316       0.29661955407043872     
  0.62133312205567215       0.35083680550645996     
  0.58642561283352568       0.40226135202805524     
  0.54669547430511944       0.45042673712556536     
  0.50239915658317857       0.49487134789183979     
  0.45383961228219027       0.53514263223994729     
  0.40136901195189451       0.57080246649984878     
  0.34539069038871090       0.60143359812242125     
  0.28636007280849701       0.62664715291564033     
  0.22478420676984862       0.64609089562038446     
  0.16121968333371767       0.65945802313962987     
   9.6268737179554364E-002  0.66649609054417325     
   3.0573429240134224E-002  0.66701565517536576     
  -3.5192079010969282E-002  0.66089815290175702     
 -0.10033100288734471       0.64810248689666661     
 -0.16413487072492960       0.62866992189389259     
 -0.22589549958108446       0.60272689396371992     
 -0.28491746646703303       0.57048546902605302     
 -0.34053048316495316       0.53224138996386594     
 -0.39210107055534027       0.48836980773489480     
 -0.43904297810149162       0.43931897121326613     
 -0.48082595415539986       0.38560234480664973     
 -0.51698265710683156       0.32778969938342617     
 -0.54711355960152053       0.26649767311746053     
 -0.57089004811225375       0.20238040495777290     
 -0.58805608383054653       0.13612067020378019     
 -0.59842880499471152        6.8421735836441872E-002
 -0.60189849541277640        7.3711306581886434E-017
  0.70115718104974134        0.0000000000000000     
  0.69845034365215075        5.9309711497358163E-002
  0.69034337171188476       0.11816879195503170     
  0.67687783509291055       0.17612584432426734     
  0.65812415196398988       0.23272813289647548     
  0.63418340486672342       0.28752138007006162     
  0.60518977458905643       0.34005016558475837     
  0.57131339961585026       0.38985907915787016     
  0.53276350592239607       0.43649476874283427     
  0.48979165435264127       0.47950906197507359     
  0.44269473511684415       0.51846314485009193     
  0.39181749153674106       0.55293282867056182     
  0.33755430196536296       0.58251488291075082     
  0.28034992844852774       0.60683436218889242     
  0.22069889530600784       0.62555264796058785     
  0.15914328043301487       0.63837595069544284     
   9.6268737179554253E-002  0.64506390116221302     
   3.2698661163253040E-002  0.64543781334677341     
  -3.0913470993012459E-002  0.63938813784171900     
  -9.3893418114956134E-002  0.62688061406552209     
 -0.15555684657188978       0.60796073964525821     
 -0.21522093506027409       0.58275618839211307     
 -0.27221637517880304       0.55147694261195812     
 -0.32589919624433378       0.51441311526719080     
 -0.37566183541508308       0.47193057259463767     
 -0.42094293847544184       0.42446465257899885     
 -0.46123552549253316       0.37251243886642743     
 -0.49609335312940223       0.31662413378522625     
 -0.52513538064508747       0.25739401331745809     
 -0.54804851308944469       0.19545150106010392     
 -0.56458898475537267       0.13145277397120428     
 -0.57458280195141542        6.6073109533321406E-002
 -0.57792559870256843        7.0775473459641824E-017
  0.68233761855019448        0.0000000000000000     
  0.67971114280322154        5.7464061307954714E-002
  0.67184503706469034       0.11448924441777651     
  0.65878018492663293       0.17063598216524123     
  0.64058581582666019       0.22546351620694055     
  0.61736126020605275       0.27852975641835848     
  0.58923829968730701       0.32939173081210260     
  0.55638392426246008       0.37760677537710197     
  0.51900332977792552       0.42273459259837137     
  0.47734303165499659       0.46434037132927719     
  0.43169368256358304       0.50199890620349397     
  0.38239242710956800       0.53529977335468759     
  0.32982452047323102       0.56385353959826501     
  0.27442391275857908       0.58729890651986416     
  0.21667248753856730       0.60531052917990236     
  0.15709773999382345       0.61760723008161045     
   9.6268737179554378E-002  0.62396025736646998     
   3.4790287573707702E-002  0.62420117401418806     
  -2.6704637842198026E-002  0.61822890472685843     
  -8.7564046483535593E-002  0.60601547205654183     
 -0.14712732167199705       0.58761006630757129     
 -0.20473645298519966       0.56314110206389456     
 -0.25974757142474225       0.53281605906009732     
 -0.31154223924419305       0.49691911254581128     
 -0.35953794166666952       0.45580667884622378     
 -0.40319730102966089       0.40990118429752709     
 -0.44203567853376935       0.35968351127727249     
 -0.47562701929796514       0.30568465044023463     
 -0.50360793607533094       0.24847705381342683     
 -0.52568011485706412       0.18866612163871596     
 -0.54161147176657010       0.12688226246610473     
 -0.55123643528292365        6.3773693116852187E-002
 -0.55445571877407440        6.7901242126561533E-017
  0.66371501161177116        0.0000000000000000     
  0.66116834264478030        5.5637754898178536E-002
  0.65354142681983352       0.11084842997237737     
  0.64087442568680075       0.16520432948236657     
  0.62323532101509638       0.21827670595274473     
  0.60072161059378149       0.26963567840228198     
  0.57346257543229751       0.31885072886719923     
  0.54162193274395465       0.36549192202747199     
  0.50540070908986412       0.40913197191030937     
  0.46504022317683580       0.44934935582400443     
  0.42082472191796383       0.48573235706706636     
  0.37308358632051186       0.51788415717206071     
  0.32219278887637082       0.54542890967275270     
  0.26857532521912336       0.56801869725599330     
  0.21270032611889284       0.58534112520569537     
  0.15508063795555146       0.59712724939784356     
   9.6268737179560970E-002  0.60315950429657139     
   3.6850919735700857E-002  0.60327922456728389     
  -2.2560178979609522E-002  0.59739330301347637     
  -8.1334536252024581E-002  0.58547952896518918     
 -0.13883485600193329       0.56759028322139171     
 -0.19442742239475083       0.54385426237605428     
 -0.24749317525982620       0.51447605914168648     
 -0.29743848000760742       0.47973363219200499     
 -0.34370506514957183       0.43997380232912936     
 -0.38577867993773401       0.39560609140188557     
 -0.42319617133002591       0.34709535501482586     
 -0.45555084685280511       0.29495371270104181     
 -0.48249619972850594       0.23973228629332741     
 -0.50374803422957748       0.18201309771574423     
 -0.51908539895898576       0.12240154799618164     
 -0.52835074653614944        6.1519649515391510E-002
 -0.53144962375541838        6.5083808064013823E-017
  0.64527380373988752        0.0000000000000000     
  0.64280643704632279        5.3829265047478481E-002
  0.63541718598262276       0.10724329432048871     
  0.62314545645101538       0.15982630546091442     
  0.60605792670707626       0.21116159625348777     
  0.58425018413083052       0.26083151753283768     
  0.55784891224644384       0.30841801266675944     
  0.52701443600307329       0.35350385926513184     
  0.49194348460843429       0.39567474742891440     
  0.45287203180925883       0.43452237174260466     
  0.41007776140216606       0.46964839402799474     
  0.36388213296438149       0.50066944874554975     
  0.31465168670685351       0.52722307853984463     
  0.26279833043259315       0.54897449766946504     
  0.20877833720365260       0.56562395544443045     
  0.15308984459866279       0.57691438523883309     
   9.6268737179554378E-002  0.58263900273747338     
   3.8882871800086961E-002  0.58264846903812018     
  -1.8475288676305782E-002  0.57685717267067682     
  -7.5197426948179019E-002  0.56524819091044454     
 -0.13066919366513796       0.54787663046213475     
 -0.18428068361770400       0.52487104931539863     
 -0.23543705731290038       0.49643280354694252     
 -0.28356880616718466       0.46283338571867927     
 -0.32814115848515629       0.42440989566467008     
 -0.36866220802849425       0.38155896593219057     
 -0.40468950059255665       0.33472959296902105     
 -0.43583495523031596       0.28441534907361049     
 -0.46176824303436192       0.23114648551033035     
 -0.48221867656096046       0.17548223846674962     
 -0.49697594744226464       0.11800370465352497     
 -0.50589016434346756        5.9307475255011448E-002
 -0.50887148879606947        6.2318783993145474E-017
  0.62700034808576643        0.0000000000000000     
  0.62461182119838876        5.2037251799067173E-002
  0.61745883676386470       0.10367115656316153     
  0.60558001262104222       0.15449788632900108     
  0.58904067028557883       0.20411281784932250     
  0.56793441425021340       0.25211055684003580     
  0.54238523691918206       0.29808551514934800     
  0.51254995814519388       0.34163316906674474     
  0.47862089169344685       0.38235215451389271     
  0.44082852205417750       0.41984731264556036     
  0.39944382436144449       0.45373358257302865     
  0.35478018755805907       0.48364090659900455     
  0.30719457948449491       0.50922002914754116     
  0.25708769686855082       0.53014906171569109     
  0.20490285886283494       0.54614061013075943     
  0.15112344053990229       0.55694914977935150     
   9.6268737179554420E-002  0.56237829881667634     
   4.0888239554916231E-002  0.56228762853351832     
  -1.4445605013733388E-002  0.55659858485306823     
  -6.9145933241304469E-002  0.54529908965470741     
 -0.12262099021481772       0.52844654853964290     
 -0.17428422769230054       0.50616899569470541     
 -0.22356447916779573       0.47866423467728270     
 -0.26991573417671849       0.44619706936318992     
 -0.31282603367705181       0.40909477085658913     
 -0.35182509727316486       0.36774110623643547     
 -0.38649044952451689       0.32256937581495498     
 -0.41645193737209846       0.27405491018004002     
 -0.44139476868081184       0.22270751612043044     
 -0.46106121241013276       0.16906419188308158     
 -0.47525115551574731       0.11368237486059146     
 -0.48382203557121956        5.7133954282765707E-002
 -0.48668842759384678        5.9602142503486303E-017
  0.60888257866820750        0.0000000000000000     
  0.60657246493167138        5.0260530284698096E-002
  0.59965445720469657       0.10012964527531609     
  0.58816635490133184       0.14921551101025352     
  0.57217207250918922       0.19712561592179362     
  0.55176316308597217       0.24346684301049529     
  0.52706083749511334       0.28784607881526014     
  0.49821830650729104       0.32987148652998771     
  0.46542335614512176       0.36915461896556645     
  0.42890084535349648       0.40531339653371568     
  0.38891490374060250       0.43797593929722806     
  0.34577071114654956       0.46678536177393737     
  0.29981553118927184       0.49140543067581527     
  0.25143873612075379       0.51152693379059289     
  0.20107060405986971       0.52687456421590795     
  0.14917970033752467       0.53721402431532761     
   9.6268737179551936E-002  0.54235897941835509     
   4.2868912068146588E-002  0.54217752302466538     
  -1.0467191896435121E-002  0.53659775147246758     
  -6.3173926215147197E-002  0.52561202086879422     
 -0.11468179805664809       0.50927964315710339     
 -0.16442719136432718       0.48772777779485271     
 -0.21186210178039341       0.46115038924240981     
 -0.25646343447216885       0.42980539474594076     
 -0.29774140895633094       0.39401014613586716     
 -0.33524670922236560       0.35413557477698898     
 -0.36857617954246719       0.31059944329902534     
 -0.39737696742172401       0.26385912632365038     
 -0.42134924010779834       0.21440438632053782     
 -0.44024771686306369       0.16275048703460218     
 -0.45388207542922954       0.10943180055185901     
 -0.46211678619897117        5.4996173811870719E-002
 -0.46487065572295266        5.6930236054864509E-017
  0.59090952571005273        0.0000000000000000     
  0.58867743092260105        4.8498023272020761E-002
  0.58199320782570607        9.6616604350457283E-002
  0.57089380888770458       0.14397594145956427     
  0.55544169555267486       0.19019566683312442     
  0.53572630223138618       0.23489496229802337     
  0.51186597142409618       0.27769319390053560     
  0.48401021132024774       0.31821120415190618     
  0.45234216875363931       0.35607343157408522     
  0.41708095251853622       0.39091081544222955     
  0.37848371507913708       0.42236456223600827     
  0.33684729927118323       0.45009083237093622     
  0.29250914118952775       0.47376624484644442     
  0.24584718298272668       0.49309405339268469     
  0.19727858266987633       0.50781078532702550     
  0.14725705451259052       0.51769307365978878     
   9.6268737179565453E-002  0.52256429892410550     
   4.4826606820068372E-002  0.52230071464145467     
  -6.5364719347476303E-003  0.51683668777659264     
  -5.7275838101153984E-002  0.50616863007956270     
 -0.10684394715500566       0.49035739720326638     
 -0.15469971631485618       0.46952895199832573     
 -0.20031782715947433       0.44387316131892646     
 -0.24319755906499255       0.41364087879227140     
 -0.28287072308298922       0.37913946026249612     
 -0.31890835854519678       0.34072703689910921     
 -0.35092602346806756       0.29880598605417480     
 -0.37858759027069611       0.25381599499885193     
 -0.40160766611946475       0.20622715863199029     
 -0.41975295252408817       0.15653346824105710     
 -0.43284255246675729       0.10524677923085196     
 -0.44074769992979917        5.2891502516764069E-002
 -0.44339126746206653        5.4299769646730782E-017
  0.57307098958762914        0.0000000000000000     
  0.57091655058846458        4.6748729243053067E-002
  0.56446501414581474        9.3130029849696983E-002
  0.55375245927240724       0.13877616990120931     
  0.53883984892489190       0.18331895679945728     
  0.51981443198110822       0.22638989045544608     
  0.49679160422380853       0.26762082375716184     
  0.46991708498275847       0.30664527427026383     
  0.43936926900153811       0.34310053182198352     
  0.40536140142547211       0.37663050111703150     
  0.36814353236272984       0.40688938519464213     
  0.32800404513323628       0.43354626754682629     
  0.28527043487506870       0.45629046188800648     
  0.24030911433633584       0.47483748773473083     
  0.19352404861564892       0.48893546800167670     
  0.14535406393621617       0.49837168609182037     
   9.6268737179554517E-002  0.50297892544356371     
   4.6762893919499157E-002  0.50264126180159807     
  -2.6501798193220697E-003  0.49729897794677042     
  -5.1446594323997688E-002  0.48695218865408646     
  -9.9100457211062670E-002  0.47166295876773034     
 -0.14509284455039975       0.45155575907810053     
 -0.18892067822667036       0.42681612254815809     
 -0.23010510698306538       0.39768767977185310     
 -0.26819898901864697       0.36446772619820400     
 -0.30279315602484658       0.32750163198072862     
 -0.33352132054939559       0.28717653536459337     
 -0.36006355061259571       0.24391468951880887     
 -0.38214841827060725       0.19816687425941426     
 -0.39955418255624764       0.15040623835836381     
 -0.41210903299509188       0.10112262578862985     
 -0.41969072305755922        5.0817571314158400E-002
 -0.42222604059691565        5.1707776913367322E-017
  0.55535726149100040        0.0000000000000000     
  0.55328014624577648        4.5011695029166882E-002
  0.54706029228533948        8.9668015420847708E-002
  0.53673287927157398       0.13361333675156500     
  0.52235732519290168       0.17649167192752888     
  0.50401863294610394       0.21794685996999502     
  0.48182917932683500       0.25762325106954487     
  0.45593080406301451       0.29516703015684698     
  0.42649705041261943       0.33022831323306556     
  0.39373518201965269       0.36246391178178661     
  0.35788803441750711       0.39154094787081622     
  0.31923541247546333       0.41714130969279889     
  0.27809476097576946       0.43896685264119994     
  0.23482087129021717       0.45674517506844042     
  0.18980444746190756       0.47023577022651603     
  0.14346939351007651       0.47923630613075963     
   9.6268737179556182E-002  0.48358867521837523     
   4.8679221883770857E-002  0.48318445746180932     
   1.1946888051126965E-003  0.47796951806911542     
  -4.5681538325554667E-002  0.46794734597750037     
  -9.1444939507500184E-002  0.45318090410080192     
 -0.13559839657640987       0.43379289627618128     
 -0.17766065382481988       0.40996430514059923     
 -0.21717425804586377       0.38193139475301741     
 -0.25371260692265551       0.34998134410219517     
 -0.28688580088536714       0.31444680299963773     
 -0.31634519021686086       0.27569981199427790     
 -0.34178654822448057       0.23414542821055900     
 -0.36295197653018735       0.19021544774122731     
 -0.37963090135996014       0.14436257708089631     
 -0.39166028722320273        9.7055117357184958E-002
 -0.39892418291749915        4.8772245632892189E-002
 -0.40135315378349684        4.9151585510865490E-017
  0.53775917474189139        0.0000000000000000     
  0.53575908177657172        4.3286020801283950E-002
  0.52976999714966932        8.6228761882719718E-002
  0.51982617551636690       0.12848474423668649     
  0.50598544781628929       0.16971021827662872     
  0.48833051549997614       0.20956138649293735     
  0.46697065665774429       0.24769510363100522     
  0.44204375464642154       0.28377022323347023     
  0.41371839594512960       0.31744965876556913     
  0.38219575417262186       0.34840307826690631     
  0.34771133678635652       0.37631044355113408     
  0.31053626081967273       0.40086634165063395     
  0.27097781419425132       0.42178502319855848     
  0.22937907736184782       0.43880598462243475     
  0.18611742880809745       0.45169987573992781     
  0.14160181855466547       0.46027449939684001     
   9.6268737179554725E-002  0.46438057861746534     
   5.0576911060267120E-002  0.46391689591011998     
   5.0008645080205196E-003  0.45883458064391686     
  -3.9976448376320216E-002  0.44914018487253610     
  -8.3871615277935505E-002  0.43489728203350536     
 -0.12620899203205321       0.41622655590863006     
 -0.16652875204346612       0.39330423678520082     
 -0.20439439615837615       0.36635908798658978     
 -0.23939938592132190       0.33566812310087607     
 -0.27117260202483129       0.30155131395870632     
 -0.29938255020765264       0.26436573829740029     
 -0.32374025326710859       0.22449948259315275     
 -0.34400093947670812       0.18236567117264096     
 -0.35996484462507938       0.13839694399068742     
 -0.37147741675385892        9.3040494811625574E-002
 -0.37842879250063538        4.6753625868381207E-002
 -0.38075318937125763        4.6628817462865670E-017
  0.52026768889930197        0.0000000000000000     
  0.51834434853062139        4.1570819284799651E-002
  0.51258521602760854        8.2810496386829635E-002
  0.50302359775416228       0.12338773799647425     
  0.48971569665223336       0.16297106668804104     
  0.47274184943501696       0.20122907088658967     
  0.45220817021814308       0.23783112554949637     
  0.42824850605399606       0.27244875529945223     
  0.40102638085263237       0.30475764367307800     
  0.37073677325572274       0.33444026962001927     
  0.33760775340162863       0.36118936243397631     
  0.30190164108315654       0.38471210433777137     
  0.26391546464123361       0.40473500312545196     
  0.22398050633969410       0.42100928100284718     
  0.18246075647952467       0.43331654253269997     
  0.13975017969066780       0.44147449451421267     
   9.6268737179554267E-002  0.44534241536756225     
   5.2457200298439026E-002  0.44482599889701663     
   8.7708988342858098E-003  0.43988133818881203     
  -3.4327395407428817E-002  0.43051775293521460     
  -7.6375125073240957E-002  0.41679915371116860     
 -0.11691780465568243       0.39884396693816676     
 -0.15551667093970550       0.37682349274636756     
 -0.19175576061412883       0.35095886601725773     
 -0.22524814863917161       0.32151688581872567     
 -0.25564103735341864       0.28880488824450629     
 -0.28261963512336119       0.25316511652902418     
 -0.30590978916813633       0.21496890097305552     
 -0.32527947421079217       0.17461098635200198     
 -0.34053941513427816       0.13250430437703492     
 -0.35154326105898986        8.9075344710644003E-002
 -0.35818704754606062        4.4759988001407250E-002
 -0.36040852725886602        4.4137314929298185E-017
  0.50287404810076575        0.0000000000000000     
  0.50102722380439402        3.9865231368402393E-002
  0.49549732606725094        7.9411503741292008E-002
  0.48631668757619939       0.11831975220066500     
  0.47353984046951825       0.15627080767414894     
  0.45724470207602691       0.19294567304774610     
  0.43753415294925185       0.22802626067794982     
  0.41453792475463425       0.26119677201714453     
  0.38841437636213960       0.29214563918258513     
  0.35935218530182722       0.32056810906083361     
  0.32757187399563847       0.34616960748153069     
  0.29332685995119046       0.36866981717997149     
  0.25690381064684242       0.38780737295752815     
  0.21862212253918978       0.40334505689863703     
  0.17883233666871701       0.41507524432376341     
  0.13791339557452276       0.42282531241785842     
   9.6268737179554392E-002  0.42646282634453919     
   5.4321237104075971E-002  0.42590011560062846     
   1.2507146425935740E-002  0.42109795311895043     
  -2.8730767171980275E-002  0.41206814218326338     
  -6.8950560955784154E-002  0.39887467032406798     
 -0.10771860616708355       0.38163347707206136     
 -0.14461685058346768       0.36051075878920330     
 -0.17924948341064978       0.33571992315288962     
 -0.21124876632266507       0.30751750350218865     
 -0.24027978492035215       0.27619823417212230     
 -0.26604402327030446       0.24208964677816178     
 -0.28828175298906344       0.20554651933046272     
 -0.30677333649222316       0.16694549312182871     
 -0.32133969328479489       0.12668013242780962     
 -0.33184240734299547        8.5156601258903786E-002
 -0.33818323238095199        4.2789784173284315E-002
 -0.34030334967271952        4.1675140791581847E-017
  0.48556970387223697        0.0000000000000000     
  0.48379919265203714        3.8168418403126063E-002
  0.47849791304012007        7.6030110252000738E-002
  0.46969719957376399       0.11327828563187274     
  0.45744987116029667       0.14960612416811739     
  0.44183136607857088       0.18470707331495514     
  0.42294126761851780       0.21827560643435726     
  0.40090510962626785       0.25000860978199829     
  0.37587598628487434       0.27960724910531992     
  0.34803616441613872       0.30677949771599167     
  0.31759851073935819       0.33124341455905010     
  0.28480743176485374       0.35273108809964365     
  0.24993913583932623       0.37099316057966675     
  0.21330104889312518       0.38580382789040024     
  0.17523019215634622       0.39696604096048582     
  0.13609044845214149       0.40431661967670962     
   9.6268737179554240E-002  0.40773116233333079     
   5.6170092999239349E-002  0.40712836667483848     
   1.6211797529093266E-002  0.40247341432349926     
  -2.3183215855478292E-002  0.39378031635135186     
  -6.1593389942748850E-002  0.38111288828373002     
  -9.8605664997365436E-002  0.36458436329910704     
 -0.13382236163732195       0.34435566442737042     
 -0.16686744833320874       0.32063236975707260     
 -0.19739198889977422       0.29366072607932653     
 -0.22507852999131858       0.26372288665784172     
 -0.24964442154662739       0.23113178323601546     
 -0.27084398025185513       0.19622583561622484     
 -0.28846961706322333       0.15936384429246564     
 -0.30235216928782249       0.12092032999343136     
 -0.31236090871509747        8.1281490246415983E-002
 -0.31840313369722434        4.0841614495386432E-002
 -0.32042335408525535        3.9240543495256684E-017
  0.46834629107172038        0.0000000000000000     
  0.46665192450218074        3.6479559899304209E-002
  0.46157874985651526        7.2664679449068112E-002
  0.45315707753248624       0.10826089446418852     
  0.44143797051031369       0.14297377775952391     
  0.42649433081191085       0.17650925717245428     
  0.40842237882663118       0.20857439509727377     
  0.38734336382319762       0.23887877263479063     
  0.36340501533321373       0.26713627815365842     
  0.33678308463167089       0.29306758032489560     
  0.30768266731622296       0.31640330615030010     
  0.27633904995723252       0.33688786007679639     
  0.24301788702868307       0.35428378783249015     
  0.20801454493315116       0.36837655986456408     
  0.17165244537779764       0.37897949328781194     
  0.13428037521871655       0.38593863772372822     
   9.6268737179563982E-002  0.38913738368409451     
   5.8004774444017727E-002  0.38850053335911827     
   1.9886902192974999E-002  0.38399741550907035     
  -1.7681619039789480E-002  0.37564398221833872     
  -5.4299398318949060E-002  0.36350363478171666     
  -8.9573670470795549E-002  0.34768669004390396     
 -0.12312680448294186       0.32834863195520841     
 -0.15460218861502240       0.30568710754821143     
 -0.18366931079994853       0.27993804797950345     
 -0.21002780835418150       0.25137107862359054     
 -0.23341048952715396       0.22028461665117599     
 -0.25358535130944843       0.18700090625527985     
 -0.27035653109225244       0.15186115842685405     
 -0.28356452131392862       0.11522115928776884     
 -0.29308605454549652        7.7447483372644441E-002
 -0.29883380350636379        3.8914203702130334E-002
 -0.30075551288850527        3.6831927618482850E-017
  0.45119573690235898        0.0000000000000000     
  0.44957738079227277        3.4797864127633367E-002
  0.44473190072623708        6.9313632805675832E-002
  0.43668855772631060       0.10326522359706511     
  0.42549661410556650       0.13637065173404825     
  0.41122637475390666       0.16834836463624203     
  0.39397063861387377       0.19891805100636756     
  0.37384627221194633       0.22780199581156693     
  0.35099554208464628       0.25472680490505561     
  0.32558757736318494       0.27942581524748378     
  0.29781958775433848       0.30164216444035263     
  0.26791762813495995       0.32113248800715016     
  0.23613670668214370       0.33767114891473765     
  0.20276002579653526       0.35105473167072798     
  0.16809733078463740       0.36110672529469151     
  0.13248227289647974       0.36768219847145384     
   9.6268737179561970E-002  0.37067210636829911     
   5.9826219314619782E-002  0.37000709323616027     
   2.3534365210261820E-002  0.36566038063619810     
  -1.2223084276507758E-002  0.35764960462364637     
  -4.7064693732454095E-002  0.34603751284919682     
  -8.0617730525236644E-002  0.33093130490189820     
 -0.11252429914104249       0.31248086136181763     
 -0.14244686237738322       0.29087579967297683     
 -0.17007296207647035       0.26634169925602480     
 -0.19511897139812717       0.23913571233778122     
 -0.21733279544607662       0.20954184491910924     
 -0.23649573895509876       0.17786631814273021     
 -0.25242335814577255       0.14443299497604295     
 -0.26496554807112555       0.10957922243606254     
 -0.27400629766737128        7.3652283762987519E-002
 -0.27946348324130443        3.7006393675744931E-002
 -0.28128799617462658        3.4447844415382934E-017
  0.43411013463070153        0.0000000000000000     
  0.43256768895505310        3.3122555707910825E-002
  0.42794959522037002        6.5975424687414949E-002
  0.42028403921227270        9.8288967309656500E-002
  0.40961844000012998       0.12979369667386009     
  0.39602044427300348       0.16022062546170854     
  0.37957936494452243       0.18930210936805791     
  0.36040758702391684       0.21677315190109009     
  0.33864181027803886       0.24237307309848369     
  0.31444443199430061       0.26584785332935085     
  0.28800466504076450       0.28695309454701817     
  0.25953922564257836       0.30545759944289341     
  0.22929236152838389       0.32114743801896833     
  0.19753500733490753       0.33383015416919531     
  0.16456315627403306       0.34333923020546603     
  0.13069527856339103       0.34953854052616218     
   9.6268737179554351E-002  0.35232638383605919     
   6.1635319270251065E-002  0.35163899313860764     
   2.7155992918386555E-002  0.34745322863337474     
  -6.8048761875425723E-003  0.33978816627021202     
  -3.9885605211401859E-002  0.32870565997623652     
  -7.1733242984939924E-002  0.31430959780781936     
 -0.10200932806184371       0.29674409505040839     
 -0.13039506435373979       0.27619064129149246     
 -0.15659569088252687       0.25286442806207765     
 -0.18034395566184153       0.22701017028882595     
 -0.20140255005804442       0.19889759525410294     
 -0.21956572116098272       0.16881703509998955     
 -0.23466013609404973       0.13707522749077442     
 -0.24654484756263895       0.10399136402701541     
 -0.25511092068973162        6.9893759595834590E-002
 -0.26028126319697614        3.5117109904063019E-002
 -0.26200982955322660        3.2086949910750263E-017
  0.41708183887765099        0.0000000000000000     
  0.41561523766466341        3.1452884989978017E-002
  0.41122432393169850        6.2648561380318254E-002
  0.40393618095440831        9.3329898723041704E-002
  0.39379633845391360       0.12323996762817344     
  0.38086973067411584       0.15212240032550020     
  0.36524211600998008       0.17972226590346629     
  0.34702129217442568       0.20578730363038811     
  0.32633828578684076       0.23006954860728654     
  0.30334864825945718       0.25232760172930663     
  0.27823348532308095       0.27232949067357581     
  0.25120007620868368       0.28985614818583055     
  0.22248176619362137       0.30470520639385251     
  0.19233712303547040       0.31669502601277444     
  0.16104831291850402       0.32566891939542802     
  0.12891857336584825       0.33149934992645536     
   9.6268737179557889E-002  0.33409174021582716     
   6.3432917365058419E-002  0.33338767339340220     
   3.0753489798654766E-002  0.32936739049439218     
  -1.4244183744154375E-003  0.32205117389851823     
  -3.2758682471578961E-002  0.31149974643977096     
  -6.2915890859810183E-002  0.29781349224129045     
  -9.1576726661256977E-002  0.28113060367471976     
 -0.11844081066631462       0.26162434102755250     
 -0.14323073568641970       0.23949947286591963     
 -0.16569527005110721       0.21498830469465602     
 -0.18561157092691088       0.18834640032684646     
 -0.20278653849620829       0.15984837511352909     
 -0.21705761272141369       0.12978402357782101     
 -0.22829276793736006        9.8454656203822696E-002
 -0.23638997998692038        6.6169932961058664E-002
 -0.24127702369407883        3.3245355685706017E-002
 -0.24291083417291318        2.9747997554807159E-017
  0.40010355311409262        0.0000000000000000     
  0.39871276346837536        2.9788136586176173E-002
  0.39454892263009234        5.9331617830409938E-002
  0.38763798362609081        8.8385894614727220E-002
  0.37802353790587850       0.11670665972456913     
  0.36576775260294486       0.14405022488703778     
  0.35095275927647429       0.17017442298452859     
  0.33368166654713133       0.19483975580041710     
  0.31407971138668900       0.21781097420713144     
  0.29229548125981347       0.23885927877132779     
  0.26850187746739146       0.25776511027674937     
  0.24289661756889672       0.27432146970795562     
  0.21570200666273120       0.28833741898484633     
  0.18716414149704921       0.29964199125751972     
  0.15755128426523049       0.30808816914168624     
  0.12715138643020574       0.31355679986254698     
   9.6268737179554545E-002  0.31596020347122600     
   6.5219805564328465E-002  0.31524509304285830     
   3.4328453903514418E-002  0.31139483226709797     
   3.9207018136676033E-003  0.30443067406471819     
  -2.5680697753953423E-002  0.29441197974020961     
  -5.4161638944121709E-002  0.28143543886334832     
  -8.1221675774195534E-002  0.26563317484445670     
 -0.10657852785024839       0.24717010759469257     
 -0.12997180921926418       0.22624054639881863     
 -0.15116596154230671       0.20306440935610934     
 -0.16995227776421656       0.17788319515061493     
 -0.18615006213172913       0.15095599323373279     
 -0.19960721154085445       0.12255583073993140     
 -0.21020036735907890        9.2966386489905184E-002
 -0.21783426379831247        6.2478971525562400E-002
 -0.22244139099729263        3.1390207788279050E-002
 -0.22398158141896565        2.7429832675269858E-017
  0.38316819242428113        0.0000000000000000     
  0.38185321414923068        2.8127615913765194E-002
  0.37791643735358549        5.6023210808652656E-002
  0.37138265622107441        8.3454894955464043E-002
  0.36229347170746873       0.11019105296813550     
  0.35070823219649400       0.13600074351225008     
  0.33670535883358993       0.16065461436270573     
  0.32038316940522976       0.18392596124614888     
  0.30186099907710984       0.20559226189755558     
  0.28128034769760590       0.22543729969094670     
  0.25880581973908084       0.24325393440529650     
  0.23462541339680068       0.25884713509501839     
  0.20895027412535022       0.27203729472346899     
  0.18201391355973626       0.28266396507295294     
  0.15407060946424134       0.29058963525532344     
  0.12539297573772254       0.29570335649044882     
   9.6268737179554947E-002  0.29792413152036223     
   6.6996739491036059E-002  0.29720358011746023     
   3.7882404373787558E-002  0.29352791671485218     
   9.2327747804357291E-003  0.28691911631966038     
  -1.8648587306753606E-002  0.27743496332647449     
  -4.5466647732610471E-002  0.26516825446494363     
  -7.0939572535997752E-002  0.25024491988578695     
  -9.4802890310910451E-002  0.23282145173684768     
 -0.11681291536137661       0.21308165254092246     
 -0.13674941235517593       0.19123305320129419     
 -0.15441748257300178       0.16750317685938268     
 -0.16964855964987954       0.14213575639725984     
 -0.18230078287978985       0.11538727327224570     
 -0.19225915615503150        8.7523979571259639E-002
 -0.19943502479516292        5.8819135337454288E-002
 -0.20376546606078563        2.9550789728588843E-002
 -0.20521312065163513        2.5131359134906458E-017
  0.36626896631646794        0.0000000000000000     
  0.36502983130283878        2.6470657328009080E-002
  0.36132020526539838        5.2722014994409136E-002
  0.35516369244057283        7.8534926081087045E-002
  0.34659984988985981       0.10369054196855645     
  0.33568516143082872       0.12797074489182525     
  0.32249423922000892       0.15115904781600056     
  0.30712050529169316       0.17304157409835488     
  0.28967728008824467       0.19340854290868986     
  0.27029888053109785       0.21205634323239950     
  0.24914147441979695       0.22879021950819414     
  0.22638318708708269       0.24342701424916827     
  0.20222388707883404       0.25579835989011279     
  0.17688438706840387       0.26575418240997217     
  0.15060489542917685       0.27316631421872678     
  0.12364263868124234       0.27793188611957059     
   9.6268737179554351E-002  0.27997632571281883     
   6.8764432203439543E-002  0.27925589481525220     
   4.1416776790125807E-002  0.27575942668629883     
   1.4513965030128584E-002  0.26950936524906771     
  -1.1659460572296285E-002  0.26056171877499823     
  -3.6827307959217181E-002  0.24900518658422241     
  -6.0726093949781131E-002  0.23495936897685774     
  -8.3108860349400127E-002  0.21857223500053216     
 -0.10374834677035912       0.20001708397197238     
 -0.12243933714091436       0.17948907797773606     
 -0.13900037404775412       0.15720179428434700     
 -0.15327472608087037       0.13338376001634003     
 -0.16513060288122167       0.10827515185965263     
 -0.17446109521640238        8.2124996810875678E-002
 -0.18118397766869476        5.5188776346370309E-002
 -0.18524082332935587        2.7726271672963678E-002
 -0.18659697786318438        2.2851539167071828E-017
  0.34939945408099210        0.0000000000000000     
  0.34823622445893815        2.4816631422521305E-002
  0.34475392666612337        4.9426777299556274E-002
  0.33897494226954733        7.3624122404959788E-002
  0.33093673053098560        9.7202665501041979E-002
  0.32069286441817774       0.11995719518508159     
  0.30831404172348448       0.14168414276734601     
  0.29388867828839926       0.16218249431283788     
  0.27752396172471910       0.18125522454514595     
  0.25934696223991222       0.19871139218254968     
  0.23950522205701008       0.21436854869139224     
  0.21816684910878675       0.22805532706513565     
  0.19552031137209994       0.23961449649508701     
  0.17177362424500225       0.24890625527056301     
  0.14715284238177498       0.25581167160461005     
  0.12189971854663298       0.26023572102151715     
   9.6268737179554351E-002  0.26211001810324108     
   7.0523555771674670E-002  0.26139521349443645     
   4.4932926755159787E-002  0.25808254710686396     
   1.9766316854232580E-002  0.25219468172708914     
  -4.7105852457351213E-003  0.24378564971836889     
  -2.8240213106221750E-002  0.23293986207471123     
  -5.0577176665617403E-002  0.21977044088453210     
  -7.1491743679418449E-002  0.20441673738099261     
  -9.0772761825675882E-002  0.18704149900514103     
 -0.10822978376590538       0.16782759889576165     
 -0.12369451943453538       0.14697474919668055     
 -0.13702169747023665       0.12469633523098286     
 -0.14808937960434679       0.10121644604784003     
 -0.15679860610745669        7.6767139315435218E-002
 -0.16307331447181178        5.1586341455070843E-002
 -0.16685952028974702        2.5915871341076795E-002
 -0.16812516427837651        2.0589394428963670E-017
  0.33255346259023444        0.0000000000000000     
  0.33146622864236769        2.3164930998570955E-002
  0.32821152114661711        4.6136288255514996E-002
  0.32281046583386636        6.8720682085960022E-002
  0.31529837524437326        9.0725046648113511E-002
  0.30572586024520582       0.11195716478279322     
  0.29415959210491283       0.13222644190069222     
  0.28068286165137946       0.15134476068324523     
  0.26539663332289576       0.16912789614327126     
  0.24842062015320809       0.18539760582820625     
  0.22989356652267412       0.19998368963006455     
  0.20997341049509630       0.21272648157886989     
  0.18883709796144890       0.22347979204629539     
  0.16667977497609329       0.23211408464737160     
  0.14371320274101568       0.23851943539946902     
  0.12016358080529323       0.24260841871738784     
   9.6268737179600217E-002  0.24431864716774107     
   7.2274762917363108E-002  0.24361490895998000     
   4.8432175725480309E-002  0.24049063456557149     
   2.4991825340804706E-002  0.23496848882979099     
   2.2007087912904390E-003  0.22710030992058947     
  -1.9702035610891924E-002  0.21696605550532494     
  -4.0488857589143550E-002  0.20467220441911327     
  -5.9946982036422986E-002  0.19034940461682570     
  -7.7881043792530538E-002  0.17414978097208494     
  -9.4115053468788554E-002  0.15624393910246426     
 -0.10849366365067581       0.13681786208380928     
 -0.12088283015641031       0.11606993093024034     
 -0.13117008688872331        9.4208245539246283E-002
 -0.13926436015430413        7.1448183955952579E-002
 -0.14509549470585550        4.8010330765081544E-002
 -0.14861387997766706        2.4118832621565413E-002
 -0.14978995825884342        1.8343979292610826E-017
  0.31572508932527332        0.0000000000000000     
  0.31471396886937753        2.1514977425811505E-002
  0.31168719606804074        4.2849395634765149E-002
  0.30666460488186664        6.3822888712182627E-002
  0.29967931529477521        8.4255420185453456E-002
  0.29077891883188506       0.10396785814897344     
  0.28002594906613493       0.12278264354619917     
  0.26749844415754065       0.14052458887662597     
  0.25329109400027366       0.15702235682061305     
  0.23751606987835680       0.17211037287338551     
  0.22030316280906895       0.18563063616600894     
  0.20180000553834213       0.19743511642833356     
  0.18217193806999654       0.20738867264086752     
  0.16160108051252570       0.21537187272345160     
  0.14028478086646201       0.22128359471418005     
  0.11843361537805543       0.22504378496997532     
   9.6268737179554489E-002  0.22659586097564624     
   7.4018684879273072E-002  0.22590857213835147     
   5.1915793511235327E-002  0.22297730529578103     
   3.0192394656241447E-002  0.21782450936184627     
   9.0769640760267854E-003  0.21049956115389287     
  -1.1209590419076191E-002  0.20107780805622957     
  -3.0457310435561324E-002  0.18965893314060334     
  -4.8470135940384108E-002  0.17636482718623978     
  -6.5068220785306358E-002  0.16133695796486072     
  -8.0089710076885437E-002  0.14473363724683513     
  -9.3391859294051804E-002  0.12672715901869336     
 -0.10485170319657337       0.10750111504835064     
 -0.11436600856899794        8.7247768395936995E-002
 -0.12185130604659837        6.6165991740887595E-002
 -0.12724328100043134        4.4459304673944565E-002
 -0.13049653150657281        2.2334429545557595E-002
 -0.13158394624897160        1.6114385859298047E-017
  0.29890877403820026        0.0000000000000000     
  0.29797391166539239        1.9866225699510989E-002
  0.29517549773633317        3.9565014630166262E-002
  0.29053203348826040        5.8929126681875159E-002
  0.28407440811372564        7.7791655991512332E-002
  0.27584712160773772        9.5986646252916238E-002
  0.26590845352334552       0.11334963460359457     
  0.25433109332698400       0.12971842331857170     
  0.24120338614325801       0.14493464896369787     
  0.22662974202019520       0.15884534399751041     
  0.21073084494434999       0.17130465008754447     
  0.19364395663385828       0.18217622216811652     
  0.17552266757941240       0.19133591364261202     
  0.15653587672449187       0.19867413359609526     
  0.13686643397524845       0.20409840439033938     
  0.11670923824185798       0.20753589009322154     
   9.6268737179603783E-002  0.20893569382455884     
   7.5755903038813341E-002  0.20827030016379983     
   5.5384942941184248E-002  0.20553671336252236     
   3.5369781053207899E-002  0.20075695373408350     
   1.5920530099628447E-002  0.19397773124471082     
  -2.7599336442276504E-003  0.18526961210570173     
  -2.0479014154267044E-002  0.17472535742438738     
  -3.7057084542649610E-002  0.16245798382038967     
  -5.2329557922318200E-002  0.14859829510182732     
  -6.6148481414572705E-002  0.13329236656557167     
  -7.8383481257850718E-002  0.11669888142962269     
  -8.8922233111078719E-002   9.8986635897875652E-002
  -9.7670719682460938E-002   8.0332353311518445E-002
 -0.10455273636184516        6.0918527995920159E-002
 -0.10950978326929883        4.0931892658358150E-002
 -0.11250045370873514        2.0561970588321387E-002
 -0.11350006709286682        1.3899749386828917E-017
  0.28209911713299329        0.0000000000000000     
  0.28124068302320943        1.8218146527844044E-002
  0.27867112849818287        3.6282091472899049E-002
  0.27440757700440260        5.4037826282525916E-002
  0.26847866252757413        7.1331686654408061E-002
  0.26092569855319786        8.8010979466031355E-002
  0.25180258217384888       0.10392439269863654     
  0.24117661673689128       0.11892282337665414     
  0.22912966149334091       0.13286092431378640     
  0.21575815159606626       0.14559827273687997     
  0.20117354793938319       0.15700114431437676     
  0.18550268968447436       0.16694498300053751     
  0.16888716811536841       0.17531640084349623     
  0.15148252043289520       0.18201545043033812     
  0.13345704175431747       0.18695823223382205     
  0.11498989700852208       0.19007912559716744     
   9.6268737179600494E-002  0.19133251362835249     
   7.7486983641087304E-002  0.19069434385424278     
   5.8840782169947731E-002  0.18816303632930542     
   4.0525757565320106E-002  0.18375997703798552     
   2.2733786367846235E-002  0.17752907555806371     
   5.6499155903528319E-003  0.16953589082478893     
  -1.0550419591250061E-002  0.15986616558624778     
  -2.5703758121421304E-002  0.14862391554899754     
  -3.9660522938616202E-002  0.13592926011804471     
  -5.2286326602536334E-002  0.12191599011615889     
  -6.3462914475988619E-002  0.10672927743579941     
  -7.3088530082574932E-002   9.0523345305799613E-002
  -8.1077896974022637E-002   7.3459381107631158E-002
  -8.7362142197033213E-002   5.5703818266774570E-002
  -9.1888253932405309E-002   3.7426752541110372E-002
  -9.4618779420680268E-002   1.8800779393286435E-002
  -9.5531416463450175E-002   1.1699224338997701E-017
  0.26529100175133769        0.0000000000000000     
  0.26450919040381221        1.6570238339497279E-002
  0.26216906882504665        3.2999627716674924E-002
  0.25828633443612053        4.9147500813806089E-002
  0.25288735155752007        6.4873554195435126E-002
  0.24601012838833144        8.0038441113852429E-002
  0.23770405360109717        9.4504057080225967E-002
  0.22803105644702179       0.10813454085316278     
  0.21706626187132175       0.12079752469173942     
  0.20489796941482724       0.13236510246056832     
  0.19162842224119955       0.14271585418919525     
  0.17737375808906133       0.15173682165706331     
  0.16226338940301935       0.15932518444198232     
  0.14643945340976575       0.16539068643682772     
  0.13005558648831717       0.16985796184438198     
  0.11327506870311961       0.17266818162679223     
   9.6268737179577415E-002  0.17378077223609686     
   7.9212487637965137E-002  0.17317500776939371     
   6.2284430160847018E-002  0.17085064878768147     
   4.5661981828798069E-002  0.16682811477927711     
   2.9518932784597097E-002  0.16114828305605697     
   1.4022699995580088E-002  0.15387151296235219     
  -6.6821734861832586E-004  0.14507640476208522     
  -1.4406288520418687E-002  0.13485790900988312     
  -2.7056670651514372E-002  0.12332540783106812     
  -3.8498346837559580E-002  0.11060048755466949     
  -4.8624918011604186E-002   9.6814845168754771E-002
  -5.7344865554823467E-002   8.2108181295045837E-002
  -6.4581594047108393E-002   6.6626388706230971E-002
  -7.0273225856423593E-002   5.0519952168325069E-002
  -7.4372210918919185E-002   3.3942594958158226E-002
  -7.6844934358254402E-002   1.7050208450067061E-002
  -7.7671387511074302E-002   9.5120016100770821E-018
  0.24847946111151537        0.0000000000000000     
  0.24777449048373090        1.4922014259606374E-002
  0.24566444491208897        2.9716653901430648E-002
  0.24216354996915354        4.4256707615234439E-002
  0.23729588406771732        5.8415356903859586E-002
  0.23109601168224891        7.2066679651584475E-002
  0.22360874172312645        8.5085870788553716E-002
  0.21489057102552594        9.7350423166590164E-002
  0.20500961414718410       0.10874087696762420     
  0.19404602047387237       0.11914196441653295     
  0.18209269265385131       0.12844462633757583     
  0.16925473335635741       0.13654719475016067     
  0.15564935568795316       0.14335749454507926     
  0.14140522265634611       0.14879505172114341     
  0.12666105559538302       0.15279250262915361     
  0.11156421998747006       0.15529764310950928     
   9.6268737179512329E-002  0.15627509614514454     
   8.0932927529858589E-002  0.15570708840532749     
   6.5716931525612185E-002  0.15359429911982295     
   5.0780064169018910E-002  0.14995605842659318     
   3.6278169443539718E-002  0.14483004224274826     
   2.2361174256309437E-002  0.13827132486542396     
   9.1708905631299083E-003  0.13035113916189073     
  -3.1608803019524934E-003  0.12115533944907325     
  -1.4513747391726114E-002  0.11078248457125051     
  -2.4779834023976603E-002   9.9341995046847487E-002
  -3.3864308544290046E-002   8.6952121240023411E-002
  -4.1685721869482523E-002   7.3738194615713182E-002
  -4.8175929640256417E-002   5.9830940009201874E-002
  -5.3279902660971663E-002   4.5365083933600142E-002
  -5.6955396312327530E-002   3.0478175134631903E-002
  -5.9172526924440097E-002   1.5309628241213430E-002
  -5.9913539836318475E-002   7.3372924786134848E-018
  0.23165974874444328        0.0000000000000000     
  0.23103185823749403        1.3273008913787887E-002
  0.22915259419414685        2.6432242585305320E-002
  0.22603467029651364        3.9364065456237655E-002
  0.22169985768757897        5.1955271258076564E-002
  0.21617911255653144        6.4093430955033892E-002
  0.20951270158504268        7.5667197889040666E-002
  0.20175145935504743        8.6567432888275675E-002
  0.19295629122012165        9.6687554040560578E-002
  0.18319930851594673       0.10592520765473404     
  0.17256363321603313       0.11418338107015819     
  0.16114329111157813       0.12137175368029350     
  0.14904326326069817       0.12740897661290992     
  0.13637836957019245       0.13222373791483147     
  0.12327244566579412       0.13575681010663895     
  0.10985687420460223       0.13796267046548755     
   9.6268737179556058E-002  0.13881046720080703     
   8.2648824275424082E-002  0.13828529638018444     
   6.9139335220760156E-002  0.13638871386521975     
   5.5881550645876035E-002  0.13313871130352262     
   4.3013541899731361E-002  0.12856941471137687     
   3.0667921418246275E-002  0.12273049399544622     
   1.8969989631301108E-002  0.11568575102753999     
   8.0360828314305355E-003  0.10751180039513152     
  -2.0276680468017442E-003   9.8296405226323422E-002
  -1.1126214413182834E-002   8.8136759014230071E-002
  -1.9176131613495649E-002   7.7137795184849214E-002
  -2.6105775154545957E-002   6.5410539599013467E-002
  -3.1855278207035410E-002   5.3070704838816422E-002
  -3.6376292637444914E-002   4.0237429891920404E-002
  -3.9631739803848001E-002   2.7032285604734370E-002
  -4.1595400845504574E-002   1.3578432426713360E-002
  -4.2251679128586281E-002   5.1743383603424219E-018
  0.21482726074321015        0.0000000000000000     
  0.21427671204735466        1.1622771052066629E-002
  0.21262899834527799        2.3145495017386577E-002
  0.20989529238766186        3.4468238692103650E-002
  0.20609500923741431        4.5491531391242325E-002
  0.20125533718856528        5.6116506830427779E-002
  0.19541210018919400        6.6245477254519153E-002
  0.18861007226676219        7.5782575222873863E-002
  0.18090307624270485        8.4634339063150182E-002
  0.17235487630298579        9.2711228770277931E-002
  0.16303857534118033        9.9928124564930068E-002
  0.15303729437188823       0.10620650043398847     
  0.14244324686743837       0.11147512752440258     
  0.13135749570010827       0.11567213494238622     
  0.11988885315221930       0.11874634183797088     
  0.10815253983340839       0.12065827319729566     
   9.6268737179560956E-002  0.12138187310349746     
   8.4360658621997570E-002  0.12090475058390533     
   7.2552622253934954E-002  0.11922896116537431     
   6.0967966147518468E-002  0.11637104652751094     
   4.9727076719916344E-002  0.11236150789702200     
   3.8945472066621127E-002  0.10724428596041566     
   2.8732108494410716E-002  0.10107570768118540     
   1.9188105408282027E-002   9.3923021567842949E-002
   1.0405567319237623E-002   8.5863169860316724E-002
   2.4669086606442896E-003   7.6981171206416246E-002
  -4.5555815775030926E-003   6.7368655976227834E-002
  -1.0599890793277923E-002   5.7122471735261103E-002
  -1.5614196131495992E-002   4.6343428375518067E-002
  -1.9556736590754232E-002   3.5135273345434259E-002
  -2.2395404766876237E-002   2.3603765397639011E-002
  -2.4107592925497991E-002   1.1856033683031890E-002
  -2.4679814789380857E-002   3.0224056185364774E-018
  0.19797746144073594        0.0000000000000000     
  0.19750453867097081        9.9708561588769083E-003
  0.19608920408259131        1.9855525384625903E-002
  0.19374108459413988        2.9567913331637372E-002
  0.19047713445547079        3.9022395841117170E-002
  0.18632071986931772        4.8133787562126475E-002
  0.18130314404938300        5.6818174158557680E-002
  0.17546285912061493        6.4992936235327065E-002
  0.16884678332560332        7.2578046146048486E-002
  0.16150970745716187        7.9496352296045139E-002
  0.15351509153048454        8.5675223813192800E-002
  0.14493448136693551        9.1047203536394547E-002
  0.13584753781342968        9.5551677272759858E-002
  0.12634127541221327        9.9135872774479480E-002
  0.11650931832012888       0.10175627291158779     
  0.10645075934905583       0.10337980597735885     
   9.6268737179554892E-002  0.10398448884737611     
   8.6068917674321385E-002  0.10356050535950416     
   7.5957764382214396E-002  0.10211015566757455     
   6.6040758103209363E-002   9.9648292563740831E-002
   5.6420758845250246E-002   9.6201529727826307E-002
   4.7196272304100693E-002   9.1808124424130541E-002
   3.8460225203090968E-002   8.6516552155092089E-002
   3.0298627819492160E-002   8.0384810838660128E-002
   2.2789821220397119E-002   7.3478915959156302E-002
   1.6003837801521828E-002   6.5871700567547792E-002
   1.0002009623378482E-002   5.7641584516225884E-002
   4.8369676702889625E-003   4.8871298982365592E-002
   5.5259620263925437E-004   3.9646923730653275E-002
  -2.8156682313747491E-003   3.0056925778610664E-002
  -5.2407065563388772E-003   2.0191483764891445E-002
  -6.7033126523152022E-003   1.0141861694504702E-002
  -7.1921179358359457E-003   8.8078042092117594E-019
  0.18110593372991629        0.0000000000000000     
  0.18071094321758741        8.3168313752606856E-003
  0.17952887067242562        1.6561470261413386E-002
  0.17756783316370806        2.4661811147068502E-002
  0.17484210954780952        3.2546156476325160E-002
  0.17137141614668858        4.0143218247672877E-002
  0.16718206832895352        4.7382773017725768E-002
  0.16230651573897867        5.4195804257164054E-002
  0.15678413714060682        6.0515399961053040E-002
  0.15066110908264074        6.6277296929017598E-002
  0.14399061162753779        7.1420832304052495E-002
  0.13683280685536497        7.5890036610100048E-002
  0.12925440106525088        7.9634437116731613E-002
  0.12132836982170668        8.2610537699480957E-002
  0.11313297706650298        8.4782259188341619E-002
  0.10475107272440182        8.6122598071712075E-002
   9.6268737179548883E-002   8.6613654524419034E-002
   8.7774062996046343E-002   8.6247874372371580E-002
   7.9355698274976377E-002   8.5027588416841604E-002
   7.1101357909419696E-002   8.2965730730426596E-002
   6.3096446187703520E-002   8.0084994807505472E-002
   5.5422737688991010E-002   7.6417490194859203E-002
   4.8157144175008389E-002   7.2004087341523554E-002
   4.1370929356052508E-002   6.6893172379988222E-002
   3.5128836473394029E-002   6.1139900706132365E-002
   2.9488676855536154E-002   5.4804979158179029E-002
   2.4501154631809172E-002   4.7953565553189005E-002
   2.0209596890140433E-002   4.0654457474081827E-002
   1.6650220994646300E-002   3.2979069219080025E-002
   1.3852189192862024E-002   2.5000786506078503E-002
   1.1837846312738471E-002   1.6794348382291730E-002
   1.0623004737684814E-002   8.4353683797519455E-003
   1.0217013485234381E-002   0.0000000000000000     
  0.16420826937576674        0.0000000000000000     
  0.16389154041324730        6.6602647894318766E-003
  0.16294367829371195        1.3262470381916464E-002
  0.16137133372720447        1.9748656756959349E-002
  0.15918587782986393        2.6061132963093786E-002
  0.15640355359408301        3.2142729031922918E-002
  0.15304526364527574        3.7936862119659638E-002
  0.14913760720524868        4.3388360325165728E-002
  0.14471210846708057        4.8443371287527459E-002
  0.13980618842664946        5.3050537839730266E-002
  0.13446274628283808        5.7161374123274114E-002
  0.12873012501149061        6.0730985097615549E-002
  0.12266218191747166        6.3719412244025261E-002
  0.11631746365765963        6.6091793850185682E-002
  0.10975893934405960        6.7819826098378874E-002
  0.10305303740589561        6.8882156158739882E-002
   9.6268737179554295E-002   6.9264806211740415E-002
   8.9476557011222632E-002   6.8962162552280409E-002
   8.2747336784345413E-002   6.7976670195642436E-002
   7.6151133752571612E-002   6.6318850721370726E-002
   6.9756040065055092E-002   6.4007312948550402E-002
   6.3627140546381356E-002   6.1068132051371439E-002
   5.7825663225316869E-002   5.7534126014288985E-002
   5.2408230443096823E-002   5.3444182092435254E-002
   4.7426215932621155E-002   4.8842521246006035E-002
   4.2925485204678329E-002   4.3777675529539449E-002
   3.8946211299076147E-002   3.8301687264907756E-002
   3.5522709910143981E-002   3.2469428039717994E-002
   3.2683600951558422E-002   2.6337825790728322E-002
   3.0452010039283762E-002   1.9965285903885917E-002
   2.8845583199619277E-002   1.3411299174351979E-002
   2.7876776433721911E-002   6.7360201932324341E-003
   2.7553018325436579E-002   0.0000000000000000     
  0.14728009234069533        0.0000000000000000     
  0.14704197670920199        5.0007276142674468E-003
  0.14632934146522303        9.9576733109243993E-003
  0.14514737786080065        1.4827173549891036E-002
  0.14350448464804202        1.9565687230287045E-002
  0.14141312871274800        2.4130180000223767E-002
  0.13888925714029685        2.8478120974788225E-002
  0.13595268029634022        3.2567770452406622E-002
  0.13262763747963990        3.6358900300096753E-002
  0.12894228366335270        3.9812831583974591E-002
  0.12492897276821872        4.2893073741377546E-002
  0.12062442462493539        4.5566286289063354E-002
  0.11606916101063630        4.7802451753733884E-002
  0.11130732124313912        4.9575567745780993E-002
  0.10638634504331930        5.0864649579348782E-002
  0.10135620992606870        5.1653977637948198E-002
   9.6268737179543790E-002   5.1933444457260607E-002
   9.1176830911975676E-002   5.1698991932240999E-002
   8.6133595594827694E-002   5.0952797546741271E-002
   8.1191454703729543E-002   4.9703139314159497E-002
   7.6401304202118728E-002   4.7964226143412177E-002
   7.1811755228205681E-002   4.5755794979136954E-002
   6.7468482470421101E-002   4.3102627163920160E-002
   6.3413657160488232E-002   4.0034030836704079E-002
   5.9685517922237509E-002   3.6583219257033464E-002
   5.6318155794891626E-002   3.2786594823631769E-002
   5.3341403967092367E-002   2.8683127035408141E-002
   5.0780817334041745E-002   2.4313799708662813E-002
   4.8657568807759601E-002   1.9721191659954999E-002
   4.6988795628297358E-002   1.4948906837937473E-002
   4.5787594359189693E-002   1.0041323626428530E-002
   4.5063208774704613E-002   5.0433043522385397E-003
   4.4821143005197510E-002   0.0000000000000000     
  0.13031701838088566        0.0000000000000000     
  0.13015789265362249        3.3377904812302971E-003
  0.12968157954593371        6.6462275759803799E-003
  0.12889167293038012        9.8960593695496708E-003
  0.12779391079262409        1.3058154463554222E-002
  0.12639641577855085        1.6103579711519621E-002
  0.12471012412102599        1.9003927187088258E-002
  0.12274851703059281        2.1731393709559590E-002
  0.12052768342859572        2.4258946249060810E-002
  0.11806654178154309        2.6560701757601116E-002
  0.11538699457908169        2.8612494196264465E-002
  0.11251364160964901        3.0392078550802004E-002
  0.10947366300612704        3.1879511020642660E-002
  0.10629665339261443        3.3057609510720620E-002
  0.10301434550461601        3.3912463130995510E-002
   9.9660168308462235E-002   3.4433778109650218E-002
   9.6268737179525402E-002   3.4615051572121011E-002
   9.2875335426733957E-002   3.4453786189932507E-002
   8.9515339037947964E-002   3.3951625183321468E-002
   8.6223626663782874E-002   3.3114291530404148E-002
   8.3034023045515312E-002   3.1951426355017715E-002
   7.9978795689239865E-002   3.0476336963895678E-002
   7.7088222584455537E-002   2.8705668673914327E-002
   7.4390236152194866E-002   2.6659030636417586E-002
   7.1910136867612190E-002   2.4358600311942129E-002
   6.9670455830565914E-002   2.1828645375534354E-002
   6.7690922347123983E-002   1.9095085389439728E-002
   6.5988348792348619E-002   1.6185204793876449E-002
   6.4576703367324323E-002   1.3127270224206714E-002
   6.3467365060718303E-002   9.9501874500191982E-003
   6.2668870686084344E-002   6.6834289878565387E-003
   6.2187398625692863E-002   3.3567188624603695E-003
   6.2026492270998670E-002   0.0000000000000000     
  0.11331464750958398        0.0000000000000000     
  0.11323491729954550        1.6710228896287568E-003
  0.11299612836699410        3.3272849811807862E-003
  0.11260011059420803        4.9540679640946526E-003
  0.11204984496679365        6.5367488747462097E-003
  0.11134950644451924        8.0608391108307788E-003
  0.11050452416177772        9.5120487554913157E-003
  0.10952164879511576        1.0876383479618175E-002
  0.10840901964371442        1.2140282464163894E-002
  0.10717625093033384        1.3290843960726273E-002
  0.10583436360835288        1.4315971636848909E-002
  0.10439573820001667        1.5204549491780447E-002
  0.10287405780725066        1.5946654643325779E-002
  0.10128420262132316        1.6533773773710063E-002
   9.9642093925645311E-002   1.6959009590653582E-002
   9.7964490234863838E-002   1.7217269707515574E-002
   9.6268737179554226E-002   1.7305402266384912E-002
   9.4572490660997890E-002   1.7222279922291719E-002
   9.2893426812699409E-002   1.6968831105263388E-002
   9.1248951969215772E-002   1.6548014142199786E-002
   8.9655926404548517E-002   1.5964737458319327E-002
   8.8130413751679931E-002   1.5225732226135845E-002
   8.6687465724804652E-002   1.4339386072649063E-002
   8.5340949410545999E-002   1.3315547923412968E-002
   8.4103421995317576E-002   1.2165315184234780E-002
   8.2986055189137320E-002   1.0900815394856172E-002
   8.1998608303593956E-002   9.5349952752715687E-003
   8.1149444770644119E-002   8.0814301602581025E-003
   8.0445538361231875E-002   6.5541835506749994E-003
   7.9892416680414954E-002   4.9677025131027270E-003
   7.9494302690945456E-002   3.3366424755792469E-003
   7.9254210453790996E-002   1.6757846146776597E-003
   7.9174009230934886E-002   0.0000000000000000     
   9.6268737179554337E-002   0.0000000000000000     
   9.6268737179554337E-002   0.0000000000000000     
   9.6268737179554337E-002   0.0000000000000000     
   9.6268737179554337E-002   0.0000000000000000     
   9.6268737179554337E-002   0.0000000000000000     
   9.6268737179554337E-002   0.0000000000000000     
   9.6268737179554337E-002   0.0000000000000000     
   9.6268737179554337E-002   0.0000000000000000     
   9.6268737179554337E-002   0.0000000000000000     
   9.6268737179554337E-002   0.0000000000000000     
   9.6268737179554337E-002   0.0000000000000000     
   9.6268737179554337E-002   0.0000000000000000     
   9.6268737179554337E-002   0.0000000000000000     
   9.6268737179554337E-002   0.0000000000000000     
   9.6268737179554337E-002   0.0000000000000000     
   9.6268737179554337E-002   0.0000000000000000     
   9.6268737179554337E-002   0.0000000000000000     
   9.6268737179554337E-002   0.0000000000000000     
   9.6268737179554337E-002   0.0000000000000000     
   9.6268737179554337E-002   0.0000000000000000     
   9.6268737179554337E-002   0.0000000000000000     
   9.6268737179554337E-002   0.0000000000000000     
   9.6268737179554337E-002   0.0000000000000000     
   9.6268737179554337E-002   0.0000000000000000     
   9.6268737179554337E-002   0.0000000000000000     
   9.6268737179554337E-002   0.0000000000000000     
   9.6268737179554337E-002   0.0000000000000000     
   9.6268737179554337E-002   0.0000000000000000     
   9.6268737179554337E-002   0.0000000000000000     
   9.6268737179554337E-002   0.0000000000000000     
   9.6268737179554337E-002   0.0000000000000000     
   9.6268737179554337E-002   0.0000000000000000     
   9.6268737179554337E-002   0.0000000000000000     
   1.0000000000000000        0.0000000000000000     
   9.6268737179554337E-002   0.0000000000000000     
  0.99606528047776388        8.8622224285366064E-002
   9.6268737179554337E-002   0.0000000000000000     
  0.98427620890612888       0.17663566845195766     
   9.6268737179554337E-002   0.0000000000000000     
  0.96467855549292536       0.26342923839741589     
   9.6268737179554337E-002   0.0000000000000000     
  0.93735039976971857       0.34838743173019238     
   9.6268737179554337E-002   0.0000000000000000     
  0.90240481083574509       0.43088870846088195     
   9.6268737179554337E-002   0.0000000000000000     
  0.85999347837451479       0.51030455731691793     
   9.6268737179554337E-002   0.0000000000000000     
  0.81031116587401308       0.58599947698132826     
   9.6268737179554337E-002   0.0000000000000000     
  0.75360081569650383       0.65733207851694953     
   9.6268737179554337E-002   0.0000000000000000     
  0.69015909322702440       0.72365749265654067     
   9.6268737179554337E-002   0.0000000000000000     
  0.62034211399848405       0.78433123580677266     
   9.6268737179554337E-002   0.0000000000000000     
  0.54457105626570579       0.83871464771020821     
   9.6268737179554337E-002   0.0000000000000000     
  0.46333732437700181       0.88618196153320872     
   9.6268737179554337E-002   0.0000000000000000     
  0.37720689889550363       0.92612900320875380     
   9.6268737179554337E-002   0.0000000000000000     
  0.28682349152129988       0.95798344191459650     
   9.6268737179554337E-002   0.0000000000000000     
  0.19291012032658339       0.98121642958598032     
   9.6268737179554337E-002   0.0000000000000000     
   9.6268737179552893E-002  0.99535537766833460     
   9.6268737179554337E-002   0.0000000000000000     
  -2.2224227583159065E-003  0.99999752852242696     
   9.6268737179554337E-002   0.0000000000000000     
 -0.10161403844084742       0.99482389268792426     
   9.6268737179554337E-002   0.0000000000000000     
 -0.20089363213641073       0.97961304795610615     
   9.6268737179554337E-002   0.0000000000000000     
 -0.29899631032152124       0.95425423840914225     
   9.6268737179554337E-002   0.0000000000000000     
 -0.39481827433880701       0.91875917728975431     
   9.6268737179554337E-002   0.0000000000000000     
 -0.48723292604560947       0.87327195170767824     
   9.6268737179554337E-002   0.0000000000000000     
 -0.57510925711103067       0.81807645304526233     
   9.6268737179554337E-002   0.0000000000000000     
 -0.65733207851695719       0.75360081569651172     
   9.6268737179554337E-002   0.0000000000000000     
 -0.73282352763091296       0.68041843737004970     
   9.6268737179554337E-002   0.0000000000000000     
 -0.80056519196829590       0.59924527321782306     
   9.6268737179554337E-002   0.0000000000000000     
 -0.85962011840355057       0.51093323804042745     
   9.6268737179554337E-002   0.0000000000000000     
 -0.90915393948168666       0.41645970856851033     
   9.6268737179554337E-002   0.0000000000000000     
 -0.94845434789292460       0.31691328314476802     
   9.6268737179554337E-002   0.0000000000000000     
 -0.97694818762748781       0.21347611922528559     
   9.6268737179554337E-002   0.0000000000000000     
 -0.99421550368693856       0.10740332322181306     
   9.6268737179554337E-002   0.0000000000000000     
  -1.0000000000000151        1.2246467991473719E-016
   9.6268737179554337E-002   0.0000000000000000     
